-31 -31 65025
-31 -30 65025
-31 -29 65025
-31 -28 65025
-31 -27 65025
-31 -26 65025
-31 -25 65025
-31 -24 65025
-31 -23 65025
-31 -22 65025
-31 -21 65025
-31 -20 65025
-31 -19 65025
-31 -18 65025
-31 -17 65025
-31 -16 65025
-31 -15 65025
-31 -14 65025
-31 -13 65025
-31 -12 65025
-31 -11 65025
-31 -10 65025
-31 -9 65025
-31 -8 65025
-31 -7 65025
-31 -6 65025
-31 -5 65025
-31 -4 65025
-31 -3 65025
-31 -2 65025
-31 -1 65025
-31 0 65025
-31 1 65025
-31 2 65025
-31 3 65025
-31 4 65025
-31 5 65025
-31 6 65025
-31 7 65025
-31 8 65025
-31 9 65025
-31 10 65025
-31 11 65025
-31 12 65025
-31 13 65025
-31 14 65025
-31 15 65025
-31 16 65025
-31 17 65025
-31 18 65025
-31 19 65025
-31 20 65025
-31 21 65025
-31 22 65025
-31 23 65025
-31 24 65025
-31 25 65025
-31 26 65025
-31 27 65025
-31 28 65025
-31 29 65025
-31 30 65025
-31 31 65025
-30 -31 65025
-30 -30 65025
-30 -29 65025
-30 -28 65025
-30 -27 65025
-30 -26 65025
-30 -25 65025
-30 -24 65025
-30 -23 65025
-30 -22 65025
-30 -21 65025
-30 -20 65025
-30 -19 65025
-30 -18 65025
-30 -17 65025
-30 -16 65025
-30 -15 65025
-30 -14 65025
-30 -13 65025
-30 -12 65025
-30 -11 65025
-30 -10 65025
-30 -9 65025
-30 -8 65025
-30 -7 65025
-30 -6 65025
-30 -5 65025
-30 -4 65025
-30 -3 65025
-30 -2 65025
-30 -1 65025
-30 0 65025
-30 1 65025
-30 2 65025
-30 3 65025
-30 4 65025
-30 5 65025
-30 6 65025
-30 7 65025
-30 8 65025
-30 9 65025
-30 10 65025
-30 11 65025
-30 12 65025
-30 13 65025
-30 14 65025
-30 15 65025
-30 16 65025
-30 17 65025
-30 18 65025
-30 19 65025
-30 20 65025
-30 21 65025
-30 22 65025
-30 23 65025
-30 24 65025
-30 25 65025
-30 26 65025
-30 27 65025
-30 28 65025
-30 29 65025
-30 30 65025
-30 31 65025
-29 -31 65025
-29 -30 65025
-29 -29 65025
-29 -28 65025
-29 -27 65025
-29 -26 65025
-29 -25 65025
-29 -24 65025
-29 -23 65025
-29 -22 65025
-29 -21 65025
-29 -20 65025
-29 -19 65025
-29 -18 65025
-29 -17 65025
-29 -16 65025
-29 -15 65025
-29 -14 65025
-29 -13 65025
-29 -12 65025
-29 -11 65025
-29 -10 65025
-29 -9 65025
-29 -8 65025
-29 -7 65025
-29 -6 65025
-29 -5 65025
-29 -4 65025
-29 -3 65025
-29 -2 65025
-29 -1 65025
-29 0 65025
-29 1 65025
-29 2 65025
-29 3 65025
-29 4 65025
-29 5 65025
-29 6 65025
-29 7 65025
-29 8 65025
-29 9 65025
-29 10 65025
-29 11 65025
-29 12 65025
-29 13 65025
-29 14 65025
-29 15 65025
-29 16 65025
-29 17 65025
-29 18 65025
-29 19 65025
-29 20 65025
-29 21 65025
-29 22 65025
-29 23 65025
-29 24 65025
-29 25 65025
-29 26 65025
-29 27 65025
-29 28 65025
-29 29 65025
-29 30 65025
-29 31 65025
-28 -31 65025
-28 -30 65025
-28 -29 65025
-28 -28 65025
-28 -27 65025
-28 -26 65025
-28 -25 65025
-28 -24 65025
-28 -23 65025
-28 -22 65025
-28 -21 65025
-28 -20 65025
-28 -19 65025
-28 -18 65025
-28 -17 65025
-28 -16 65025
-28 -15 65025
-28 -14 65025
-28 -13 65025
-28 -12 65025
-28 -11 65025
-28 -10 65025
-28 -9 65025
-28 -8 65025
-28 -7 65025
-28 -6 65025
-28 -5 65025
-28 -4 65025
-28 -3 65025
-28 -2 65025
-28 -1 65025
-28 0 65025
-28 1 65025
-28 2 65025
-28 3 65025
-28 4 65025
-28 5 65025
-28 6 65025
-28 7 65025
-28 8 65025
-28 9 65025
-28 10 65025
-28 11 65025
-28 12 65025
-28 13 65025
-28 14 65025
-28 15 65025
-28 16 65025
-28 17 65025
-28 18 65025
-28 19 65025
-28 20 65025
-28 21 65025
-28 22 65025
-28 23 65025
-28 24 65025
-28 25 65025
-28 26 65025
-28 27 65025
-28 28 65025
-28 29 65025
-28 30 65025
-28 31 65025
-27 -31 65025
-27 -30 65025
-27 -29 65025
-27 -28 65025
-27 -27 65025
-27 -26 65025
-27 -25 65025
-27 -24 65025
-27 -23 65025
-27 -22 65025
-27 -21 65025
-27 -20 65025
-27 -19 65025
-27 -18 65025
-27 -17 65025
-27 -16 65025
-27 -15 65025
-27 -14 65025
-27 -13 65025
-27 -12 65025
-27 -11 65025
-27 -10 65025
-27 -9 65025
-27 -8 65025
-27 -7 65025
-27 -6 65025
-27 -5 65025
-27 -4 65025
-27 -3 65025
-27 -2 65025
-27 -1 65025
-27 0 65025
-27 1 65025
-27 2 65025
-27 3 65025
-27 4 65025
-27 5 65025
-27 6 65025
-27 7 65025
-27 8 65025
-27 9 65025
-27 10 65025
-27 11 65025
-27 12 65025
-27 13 65025
-27 14 65025
-27 15 65025
-27 16 65025
-27 17 65025
-27 18 65025
-27 19 65025
-27 20 65025
-27 21 65025
-27 22 65025
-27 23 65025
-27 24 65025
-27 25 65025
-27 26 65025
-27 27 65025
-27 28 65025
-27 29 65025
-27 30 65025
-27 31 65025
-26 -31 65025
-26 -30 65025
-26 -29 65025
-26 -28 65025
-26 -27 65025
-26 -26 65025
-26 -25 65025
-26 -24 65025
-26 -23 65025
-26 -22 65025
-26 -21 65025
-26 -20 65025
-26 -19 65025
-26 -18 65025
-26 -17 65025
-26 -16 65025
-26 -15 65025
-26 -14 65025
-26 -13 65025
-26 -12 65025
-26 -11 65025
-26 -10 65025
-26 -9 65025
-26 -8 65025
-26 -7 65025
-26 -6 65025
-26 -5 65025
-26 -4 65025
-26 -3 65025
-26 -2 65025
-26 -1 65025
-26 0 65025
-26 1 65025
-26 2 65025
-26 3 65025
-26 4 65025
-26 5 65025
-26 6 65025
-26 7 65025
-26 8 65025
-26 9 65025
-26 10 65025
-26 11 65025
-26 12 65025
-26 13 65025
-26 14 65025
-26 15 65025
-26 16 65025
-26 17 65025
-26 18 65025
-26 19 65025
-26 20 65025
-26 21 65025
-26 22 65025
-26 23 65025
-26 24 65025
-26 25 65025
-26 26 65025
-26 27 65025
-26 28 65025
-26 29 65025
-26 30 65025
-26 31 65025
-25 -31 65025
-25 -30 65025
-25 -29 65025
-25 -28 65025
-25 -27 65025
-25 -26 65025
-25 -25 65025
-25 -24 65025
-25 -23 65025
-25 -22 65025
-25 -21 65025
-25 -20 65025
-25 -19 65025
-25 -18 65025
-25 -17 65025
-25 -16 65025
-25 -15 65025
-25 -14 65025
-25 -13 65025
-25 -12 65025
-25 -11 65025
-25 -10 65025
-25 -9 65025
-25 -8 65025
-25 -7 65025
-25 -6 65025
-25 -5 65025
-25 -4 65025
-25 -3 65025
-25 -2 65025
-25 -1 65025
-25 0 65025
-25 1 65025
-25 2 65025
-25 3 65025
-25 4 65025
-25 5 65025
-25 6 65025
-25 7 65025
-25 8 65025
-25 9 65025
-25 10 65025
-25 11 65025
-25 12 65025
-25 13 65025
-25 14 65025
-25 15 65025
-25 16 65025
-25 17 65025
-25 18 65025
-25 19 65025
-25 20 65025
-25 21 65025
-25 22 65025
-25 23 65025
-25 24 65025
-25 25 65025
-25 26 65025
-25 27 65025
-25 28 65025
-25 29 65025
-25 30 65025
-25 31 65025
-24 -31 65025
-24 -30 65025
-24 -29 65025
-24 -28 65025
-24 -27 65025
-24 -26 65025
-24 -25 65025
-24 -24 65025
-24 -23 65025
-24 -22 65025
-24 -21 65025
-24 -20 65025
-24 -19 65025
-24 -18 65025
-24 -17 65025
-24 -16 65025
-24 -15 65025
-24 -14 65025
-24 -13 65025
-24 -12 65025
-24 -11 65025
-24 -10 65025
-24 -9 65025
-24 -8 65025
-24 -7 65025
-24 -6 65025
-24 -5 65025
-24 -4 65025
-24 -3 65025
-24 -2 65025
-24 -1 65025
-24 0 65025
-24 1 65025
-24 2 65025
-24 3 65025
-24 4 65025
-24 5 65025
-24 6 65025
-24 7 65025
-24 8 65025
-24 9 65025
-24 10 65025
-24 11 65025
-24 12 65025
-24 13 65025
-24 14 65025
-24 15 65025
-24 16 65025
-24 17 65025
-24 18 65025
-24 19 65025
-24 20 65025
-24 21 65025
-24 22 65025
-24 23 65025
-24 24 65025
-24 25 65025
-24 26 65025
-24 27 65025
-24 28 65025
-24 29 65025
-24 30 65025
-24 31 65025
-23 -31 65025
-23 -30 65025
-23 -29 65025
-23 -28 65025
-23 -27 65025
-23 -26 65025
-23 -25 65025
-23 -24 65025
-23 -23 65025
-23 -22 65025
-23 -21 65025
-23 -20 65025
-23 -19 65025
-23 -18 65025
-23 -17 65025
-23 -16 65025
-23 -15 65025
-23 -14 65025
-23 -13 65025
-23 -12 65025
-23 -11 65025
-23 -10 65025
-23 -9 65025
-23 -8 65025
-23 -7 65025
-23 -6 65025
-23 -5 65025
-23 -4 65025
-23 -3 65025
-23 -2 65025
-23 -1 65025
-23 0 65025
-23 1 65025
-23 2 65025
-23 3 65025
-23 4 65025
-23 5 65025
-23 6 65025
-23 7 65025
-23 8 65025
-23 9 65025
-23 10 65025
-23 11 65025
-23 12 65025
-23 13 65025
-23 14 65025
-23 15 65025
-23 16 65025
-23 17 65025
-23 18 65025
-23 19 65025
-23 20 65025
-23 21 65025
-23 22 65025
-23 23 65025
-23 24 65025
-23 25 65025
-23 26 65025
-23 27 65025
-23 28 65025
-23 29 65025
-23 30 65025
-23 31 65025
-22 -31 65025
-22 -30 65025
-22 -29 65025
-22 -28 65025
-22 -27 65025
-22 -26 65025
-22 -25 65025
-22 -24 65025
-22 -23 65025
-22 -22 65025
-22 -21 65025
-22 -20 65025
-22 -19 65025
-22 -18 65025
-22 -17 65025
-22 -16 65025
-22 -15 65025
-22 -14 65025
-22 -13 65025
-22 -12 65025
-22 -11 65025
-22 -10 65025
-22 -9 65025
-22 -8 65025
-22 -7 65025
-22 -6 65025
-22 -5 65025
-22 -4 65025
-22 -3 65025
-22 -2 65025
-22 -1 65025
-22 0 65025
-22 1 65025
-22 2 65025
-22 3 65025
-22 4 65025
-22 5 65025
-22 6 65025
-22 7 65025
-22 8 65025
-22 9 65025
-22 10 65025
-22 11 65025
-22 12 65025
-22 13 65025
-22 14 65025
-22 15 65025
-22 16 65025
-22 17 65025
-22 18 65025
-22 19 65025
-22 20 65025
-22 21 65025
-22 22 65025
-22 23 65025
-22 24 65025
-22 25 65025
-22 26 65025
-22 27 65025
-22 28 65025
-22 29 65025
-22 30 65025
-22 31 65025
-21 -31 65025
-21 -30 65025
-21 -29 65025
-21 -28 65025
-21 -27 65025
-21 -26 65025
-21 -25 65025
-21 -24 65025
-21 -23 65025
-21 -22 65025
-21 -21 65025
-21 -20 65025
-21 -19 65025
-21 -18 65025
-21 -17 65025
-21 -16 65025
-21 -15 65025
-21 -14 65025
-21 -13 65025
-21 -12 65025
-21 -11 65025
-21 -10 65025
-21 -9 65025
-21 -8 65025
-21 -7 65025
-21 -6 65025
-21 -5 65025
-21 -4 65025
-21 -3 65025
-21 -2 65025
-21 -1 65025
-21 0 65025
-21 1 65025
-21 2 65025
-21 3 65025
-21 4 65025
-21 5 65025
-21 6 65025
-21 7 65025
-21 8 65025
-21 9 65025
-21 10 65025
-21 11 65025
-21 12 65025
-21 13 65025
-21 14 65025
-21 15 65025
-21 16 65025
-21 17 65025
-21 18 65025
-21 19 65025
-21 20 65025
-21 21 65025
-21 22 65025
-21 23 65025
-21 24 65025
-21 25 65025
-21 26 65025
-21 27 65025
-21 28 65025
-21 29 65025
-21 30 65025
-21 31 65025
-20 -31 65025
-20 -30 65025
-20 -29 65025
-20 -28 65025
-20 -27 65025
-20 -26 65025
-20 -25 65025
-20 -24 65025
-20 -23 65025
-20 -22 65025
-20 -21 65025
-20 -20 65025
-20 -19 65025
-20 -18 65025
-20 -17 65025
-20 -16 65025
-20 -15 65025
-20 -14 65025
-20 -13 65025
-20 -12 65025
-20 -11 65025
-20 -10 65025
-20 -9 65025
-20 -8 65025
-20 -7 65025
-20 -6 65025
-20 -5 65025
-20 -4 65025
-20 -3 65025
-20 -2 65025
-20 -1 65025
-20 0 65025
-20 1 65025
-20 2 65025
-20 3 65025
-20 4 65025
-20 5 65025
-20 6 65025
-20 7 65025
-20 8 65025
-20 9 65025
-20 10 65025
-20 11 65025
-20 12 65025
-20 13 65025
-20 14 65025
-20 15 65025
-20 16 65025
-20 17 65025
-20 18 65025
-20 19 65025
-20 20 65025
-20 21 65025
-20 22 65025
-20 23 65025
-20 24 65025
-20 25 65025
-20 26 65025
-20 27 65025
-20 28 65025
-20 29 65025
-20 30 65025
-20 31 65025
-19 -31 65025
-19 -30 65025
-19 -29 65025
-19 -28 65025
-19 -27 65025
-19 -26 65025
-19 -25 65025
-19 -24 65025
-19 -23 65025
-19 -22 65025
-19 -21 65025
-19 -20 65025
-19 -19 65025
-19 -18 65025
-19 -17 65025
-19 -16 65025
-19 -15 65025
-19 -14 65025
-19 -13 65025
-19 -12 65025
-19 -11 65025
-19 -10 65025
-19 -9 65025
-19 -8 65025
-19 -7 65025
-19 -6 65025
-19 -5 65025
-19 -4 65025
-19 -3 65025
-19 -2 65025
-19 -1 65025
-19 0 65025
-19 1 65025
-19 2 65025
-19 3 65025
-19 4 65025
-19 5 65025
-19 6 65025
-19 7 65025
-19 8 65025
-19 9 65025
-19 10 65025
-19 11 65025
-19 12 65025
-19 13 65025
-19 14 65025
-19 15 65025
-19 16 65025
-19 17 65025
-19 18 65025
-19 19 65025
-19 20 65025
-19 21 65025
-19 22 65025
-19 23 65025
-19 24 65025
-19 25 65025
-19 26 65025
-19 27 65025
-19 28 65025
-19 29 65025
-19 30 65025
-19 31 65025
-18 -31 65025
-18 -30 65025
-18 -29 65025
-18 -28 65025
-18 -27 65025
-18 -26 65025
-18 -25 65025
-18 -24 65025
-18 -23 65025
-18 -22 65025
-18 -21 65025
-18 -20 65025
-18 -19 65025
-18 -18 65025
-18 -17 65025
-18 -16 65025
-18 -15 65025
-18 -14 65025
-18 -13 65025
-18 -12 65025
-18 -11 65025
-18 -10 65025
-18 -9 65025
-18 -8 65025
-18 -7 65025
-18 -6 65025
-18 -5 65025
-18 -4 65025
-18 -3 65025
-18 -2 65025
-18 -1 65025
-18 0 65025
-18 1 65025
-18 2 65025
-18 3 65025
-18 4 65025
-18 5 65025
-18 6 65025
-18 7 65025
-18 8 65025
-18 9 65025
-18 10 65025
-18 11 65025
-18 12 65025
-18 13 65025
-18 14 65025
-18 15 65025
-18 16 65025
-18 17 65025
-18 18 65025
-18 19 65025
-18 20 65025
-18 21 65025
-18 22 65025
-18 23 65025
-18 24 65025
-18 25 65025
-18 26 65025
-18 27 65025
-18 28 65025
-18 29 65025
-18 30 65025
-18 31 65025
-17 -31 65025
-17 -30 65025
-17 -29 65025
-17 -28 65025
-17 -27 65025
-17 -26 65025
-17 -25 65025
-17 -24 65025
-17 -23 65025
-17 -22 65025
-17 -21 65025
-17 -20 65025
-17 -19 65025
-17 -18 65025
-17 -17 65025
-17 -16 65025
-17 -15 65025
-17 -14 65025
-17 -13 65025
-17 -12 65025
-17 -11 65025
-17 -10 65025
-17 -9 65025
-17 -8 65025
-17 -7 65025
-17 -6 65025
-17 -5 65025
-17 -4 65025
-17 -3 65025
-17 -2 65025
-17 -1 65025
-17 0 65025
-17 1 65025
-17 2 65025
-17 3 65025
-17 4 65025
-17 5 65025
-17 6 65025
-17 7 65025
-17 8 65025
-17 9 65025
-17 10 65025
-17 11 65025
-17 12 65025
-17 13 65025
-17 14 65025
-17 15 65025
-17 16 65025
-17 17 65025
-17 18 65025
-17 19 65025
-17 20 65025
-17 21 65025
-17 22 65025
-17 23 65025
-17 24 65025
-17 25 65025
-17 26 65025
-17 27 65025
-17 28 65025
-17 29 65025
-17 30 65025
-17 31 65025
-16 -31 65025
-16 -30 65025
-16 -29 65025
-16 -28 65025
-16 -27 65025
-16 -26 65025
-16 -25 65025
-16 -24 65025
-16 -23 65025
-16 -22 65025
-16 -21 65025
-16 -20 65025
-16 -19 65025
-16 -18 65025
-16 -17 65025
-16 -16 65025
-16 -15 65025
-16 -14 65025
-16 -13 65025
-16 -12 65025
-16 -11 65025
-16 -10 65025
-16 -9 65025
-16 -8 65025
-16 -7 65025
-16 -6 65025
-16 -5 65025
-16 -4 65025
-16 -3 65025
-16 -2 65025
-16 -1 65025
-16 0 65025
-16 1 65025
-16 2 65025
-16 3 65025
-16 4 65025
-16 5 65025
-16 6 65025
-16 7 65025
-16 8 65025
-16 9 65025
-16 10 65025
-16 11 65025
-16 12 65025
-16 13 65025
-16 14 65025
-16 15 65025
-16 16 65025
-16 17 65025
-16 18 65025
-16 19 65025
-16 20 65025
-16 21 65025
-16 22 65025
-16 23 65025
-16 24 65025
-16 25 65025
-16 26 65025
-16 27 65025
-16 28 65025
-16 29 65025
-16 30 65025
-16 31 65025
-15 -31 65025
-15 -30 65025
-15 -29 65025
-15 -28 65025
-15 -27 65025
-15 -26 65025
-15 -25 65025
-15 -24 65025
-15 -23 65025
-15 -22 65025
-15 -21 65025
-15 -20 65025
-15 -19 65025
-15 -18 65025
-15 -17 65025
-15 -16 65025
-15 -15 65025
-15 -14 65025
-15 -13 65025
-15 -12 65025
-15 -11 65025
-15 -10 65025
-15 -9 65025
-15 -8 65025
-15 -7 65025
-15 -6 65025
-15 -5 65025
-15 -4 65025
-15 -3 65025
-15 -2 65025
-15 -1 65025
-15 0 65025
-15 1 65025
-15 2 65025
-15 3 65025
-15 4 65025
-15 5 65025
-15 6 65025
-15 7 65025
-15 8 65025
-15 9 65025
-15 10 65025
-15 11 65025
-15 12 65025
-15 13 65025
-15 14 65025
-15 15 65025
-15 16 65025
-15 17 65025
-15 18 65025
-15 19 65025
-15 20 65025
-15 21 65025
-15 22 65025
-15 23 65025
-15 24 65025
-15 25 65025
-15 26 65025
-15 27 65025
-15 28 65025
-15 29 65025
-15 30 65025
-15 31 65025
-14 -31 65025
-14 -30 65025
-14 -29 65025
-14 -28 65025
-14 -27 65025
-14 -26 65025
-14 -25 65025
-14 -24 65025
-14 -23 65025
-14 -22 65025
-14 -21 65025
-14 -20 65025
-14 -19 65025
-14 -18 65025
-14 -17 65025
-14 -16 65025
-14 -15 65025
-14 -14 65025
-14 -13 65025
-14 -12 65025
-14 -11 65025
-14 -10 65025
-14 -9 65025
-14 -8 65025
-14 -7 65025
-14 -6 65025
-14 -5 65025
-14 -4 65025
-14 -3 65025
-14 -2 65025
-14 -1 65025
-14 0 65025
-14 1 65025
-14 2 65025
-14 3 65025
-14 4 65025
-14 5 65025
-14 6 65025
-14 7 65025
-14 8 65025
-14 9 65025
-14 10 65025
-14 11 65025
-14 12 65025
-14 13 65025
-14 14 65025
-14 15 65025
-14 16 65025
-14 17 65025
-14 18 65025
-14 19 65025
-14 20 65025
-14 21 65025
-14 22 65025
-14 23 65025
-14 24 65025
-14 25 65025
-14 26 65025
-14 27 65025
-14 28 65025
-14 29 65025
-14 30 65025
-14 31 65025
-13 -31 65025
-13 -30 65025
-13 -29 65025
-13 -28 65025
-13 -27 65025
-13 -26 65025
-13 -25 65025
-13 -24 65025
-13 -23 65025
-13 -22 65025
-13 -21 65025
-13 -20 65025
-13 -19 65025
-13 -18 65025
-13 -17 65025
-13 -16 65025
-13 -15 65025
-13 -14 65025
-13 -13 65025
-13 -12 65025
-13 -11 65025
-13 -10 65025
-13 -9 65025
-13 -8 65025
-13 -7 65025
-13 -6 65025
-13 -5 65025
-13 -4 65025
-13 -3 65025
-13 -2 65025
-13 -1 65025
-13 0 65025
-13 1 65025
-13 2 65025
-13 3 65025
-13 4 65025
-13 5 65025
-13 6 65025
-13 7 65025
-13 8 65025
-13 9 65025
-13 10 65025
-13 11 65025
-13 12 65025
-13 13 65025
-13 14 65025
-13 15 65025
-13 16 65025
-13 17 65025
-13 18 65025
-13 19 65025
-13 20 65025
-13 21 65025
-13 22 65025
-13 23 65025
-13 24 65025
-13 25 65025
-13 26 65025
-13 27 65025
-13 28 65025
-13 29 65025
-13 30 65025
-13 31 65025
-12 -31 65025
-12 -30 65025
-12 -29 65025
-12 -28 65025
-12 -27 65025
-12 -26 65025
-12 -25 65025
-12 -24 65025
-12 -23 65025
-12 -22 65025
-12 -21 65025
-12 -20 65025
-12 -19 65025
-12 -18 65025
-12 -17 65025
-12 -16 65025
-12 -15 65025
-12 -14 65025
-12 -13 65025
-12 -12 65025
-12 -11 65025
-12 -10 65025
-12 -9 65025
-12 -8 65025
-12 -7 65025
-12 -6 65025
-12 -5 65025
-12 -4 65025
-12 -3 65025
-12 -2 65025
-12 -1 65025
-12 0 65025
-12 1 65025
-12 2 65025
-12 3 65025
-12 4 65025
-12 5 65025
-12 6 65025
-12 7 65025
-12 8 65025
-12 9 65025
-12 10 65025
-12 11 65025
-12 12 65025
-12 13 65025
-12 14 65025
-12 15 65025
-12 16 65025
-12 17 65025
-12 18 65025
-12 19 65025
-12 20 65025
-12 21 65025
-12 22 65025
-12 23 65025
-12 24 65025
-12 25 65025
-12 26 65025
-12 27 65025
-12 28 65025
-12 29 65025
-12 30 65025
-12 31 65025
-11 -31 65025
-11 -30 65025
-11 -29 65025
-11 -28 65025
-11 -27 65025
-11 -26 65025
-11 -25 65025
-11 -24 65025
-11 -23 65025
-11 -22 65025
-11 -21 65025
-11 -20 65025
-11 -19 65025
-11 -18 65025
-11 -17 65025
-11 -16 65025
-11 -15 65025
-11 -14 65025
-11 -13 65025
-11 -12 65025
-11 -11 65025
-11 -10 65025
-11 -9 65025
-11 -8 65025
-11 -7 65025
-11 -6 65025
-11 -5 65025
-11 -4 65025
-11 -3 65025
-11 -2 65025
-11 -1 65025
-11 0 65025
-11 1 65025
-11 2 65025
-11 3 65025
-11 4 65025
-11 5 65025
-11 6 65025
-11 7 65025
-11 8 65025
-11 9 65025
-11 10 65025
-11 11 65025
-11 12 65025
-11 13 65025
-11 14 65025
-11 15 65025
-11 16 65025
-11 17 65025
-11 18 65025
-11 19 65025
-11 20 65025
-11 21 65025
-11 22 65025
-11 23 65025
-11 24 65025
-11 25 65025
-11 26 65025
-11 27 65025
-11 28 65025
-11 29 65025
-11 30 65025
-11 31 65025
-10 -31 65025
-10 -30 65025
-10 -29 65025
-10 -28 65025
-10 -27 65025
-10 -26 65025
-10 -25 65025
-10 -24 65025
-10 -23 65025
-10 -22 65025
-10 -21 65025
-10 -20 65025
-10 -19 65025
-10 -18 65025
-10 -17 65025
-10 -16 65025
-10 -15 65025
-10 -14 65025
-10 -13 65025
-10 -12 65025
-10 -11 65025
-10 -10 65025
-10 -9 65025
-10 -8 65025
-10 -7 65025
-10 -6 65025
-10 -5 65025
-10 -4 65025
-10 -3 65025
-10 -2 65025
-10 -1 65025
-10 0 65025
-10 1 65025
-10 2 65025
-10 3 65025
-10 4 65025
-10 5 65025
-10 6 65025
-10 7 65025
-10 8 65025
-10 9 65025
-10 10 65025
-10 11 65025
-10 12 65025
-10 13 65025
-10 14 65025
-10 15 65025
-10 16 65025
-10 17 65025
-10 18 65025
-10 19 65025
-10 20 65025
-10 21 65025
-10 22 65025
-10 23 65025
-10 24 65025
-10 25 65025
-10 26 65025
-10 27 65025
-10 28 65025
-10 29 65025
-10 30 65025
-10 31 65025
-9 -31 65025
-9 -30 65025
-9 -29 65025
-9 -28 65025
-9 -27 65025
-9 -26 65025
-9 -25 65025
-9 -24 65025
-9 -23 65025
-9 -22 65025
-9 -21 65025
-9 -20 65025
-9 -19 65025
-9 -18 65025
-9 -17 65025
-9 -16 65025
-9 -15 65025
-9 -14 65025
-9 -13 65025
-9 -12 65025
-9 -11 65025
-9 -10 65025
-9 -9 65025
-9 -8 65025
-9 -7 65025
-9 -6 65025
-9 -5 65025
-9 -4 65025
-9 -3 65025
-9 -2 65025
-9 -1 65025
-9 0 65025
-9 1 65025
-9 2 65025
-9 3 65025
-9 4 65025
-9 5 65025
-9 6 65025
-9 7 65025
-9 8 65025
-9 9 65025
-9 10 65025
-9 11 65025
-9 12 65025
-9 13 65025
-9 14 65025
-9 15 65025
-9 16 65025
-9 17 65025
-9 18 65025
-9 19 65025
-9 20 65025
-9 21 65025
-9 22 65025
-9 23 65025
-9 24 65025
-9 25 65025
-9 26 65025
-9 27 65025
-9 28 65025
-9 29 65025
-9 30 65025
-9 31 65025
-8 -31 65025
-8 -30 65025
-8 -29 65025
-8 -28 65025
-8 -27 65025
-8 -26 65025
-8 -25 65025
-8 -24 65025
-8 -23 65025
-8 -22 65025
-8 -21 65025
-8 -20 65025
-8 -19 65025
-8 -18 65025
-8 -17 65025
-8 -16 65025
-8 -15 65025
-8 -14 65025
-8 -13 65025
-8 -12 65025
-8 -11 65025
-8 -10 65025
-8 -9 65025
-8 -8 65025
-8 -7 65025
-8 -6 65025
-8 -5 65025
-8 -4 65025
-8 -3 65025
-8 -2 65025
-8 -1 65025
-8 0 65025
-8 1 65025
-8 2 65025
-8 3 65025
-8 4 65025
-8 5 65025
-8 6 65025
-8 7 65025
-8 8 65025
-8 9 65025
-8 10 65025
-8 11 65025
-8 12 65025
-8 13 65025
-8 14 65025
-8 15 65025
-8 16 65025
-8 17 65025
-8 18 65025
-8 19 65025
-8 20 65025
-8 21 65025
-8 22 65025
-8 23 65025
-8 24 65025
-8 25 65025
-8 26 65025
-8 27 65025
-8 28 65025
-8 29 65025
-8 30 65025
-8 31 65025
-7 -31 65025
-7 -30 65025
-7 -29 65025
-7 -28 65025
-7 -27 65025
-7 -26 65025
-7 -25 65025
-7 -24 65025
-7 -23 65025
-7 -22 65025
-7 -21 65025
-7 -20 65025
-7 -19 65025
-7 -18 65025
-7 -17 65025
-7 -16 65025
-7 -15 65025
-7 -14 65025
-7 -13 65025
-7 -12 65025
-7 -11 65025
-7 -10 65025
-7 -9 65025
-7 -8 65025
-7 -7 65025
-7 -6 65025
-7 -5 65025
-7 -4 65025
-7 -3 65025
-7 -2 65025
-7 -1 65025
-7 0 65025
-7 1 65025
-7 2 65025
-7 3 65025
-7 4 65025
-7 5 65025
-7 6 65025
-7 7 65025
-7 8 65025
-7 9 65025
-7 10 65025
-7 11 65025
-7 12 65025
-7 13 65025
-7 14 65025
-7 15 65025
-7 16 65025
-7 17 65025
-7 18 65025
-7 19 65025
-7 20 65025
-7 21 65025
-7 22 65025
-7 23 65025
-7 24 65025
-7 25 65025
-7 26 65025
-7 27 65025
-7 28 65025
-7 29 65025
-7 30 65025
-7 31 65025
-6 -31 65025
-6 -30 65025
-6 -29 65025
-6 -28 65025
-6 -27 65025
-6 -26 65025
-6 -25 65025
-6 -24 65025
-6 -23 65025
-6 -22 65025
-6 -21 65025
-6 -20 65025
-6 -19 65025
-6 -18 65025
-6 -17 65025
-6 -16 65025
-6 -15 65025
-6 -14 65025
-6 -13 65025
-6 -12 65025
-6 -11 65025
-6 -10 65025
-6 -9 65025
-6 -8 65025
-6 -7 65025
-6 -6 65025
-6 -5 65025
-6 -4 65025
-6 -3 65025
-6 -2 65025
-6 -1 65025
-6 0 65025
-6 1 65025
-6 2 65025
-6 3 65025
-6 4 65025
-6 5 65025
-6 6 65025
-6 7 65025
-6 8 65025
-6 9 65025
-6 10 65025
-6 11 65025
-6 12 65025
-6 13 65025
-6 14 65025
-6 15 65025
-6 16 65025
-6 17 65025
-6 18 65025
-6 19 65025
-6 20 65025
-6 21 65025
-6 22 65025
-6 23 65025
-6 24 65025
-6 25 65025
-6 26 65025
-6 27 65025
-6 28 65025
-6 29 65025
-6 30 65025
-6 31 65025
-5 -31 65025
-5 -30 65025
-5 -29 65025
-5 -28 65025
-5 -27 65025
-5 -26 65025
-5 -25 65025
-5 -24 65025
-5 -23 65025
-5 -22 65025
-5 -21 65025
-5 -20 65025
-5 -19 65025
-5 -18 65025
-5 -17 65025
-5 -16 65025
-5 -15 65025
-5 -14 65025
-5 -13 65025
-5 -12 65025
-5 -11 65025
-5 -10 65025
-5 -9 65025
-5 -8 65025
-5 -7 65025
-5 -6 65025
-5 -5 65025
-5 -4 65025
-5 -3 65025
-5 -2 65025
-5 -1 65025
-5 0 65025
-5 1 65025
-5 2 65025
-5 3 65025
-5 4 65025
-5 5 65025
-5 6 65025
-5 7 65025
-5 8 65025
-5 9 65025
-5 10 65025
-5 11 65025
-5 12 65025
-5 13 65025
-5 14 65025
-5 15 65025
-5 16 65025
-5 17 65025
-5 18 65025
-5 19 65025
-5 20 65025
-5 21 65025
-5 22 65025
-5 23 65025
-5 24 65025
-5 25 65025
-5 26 65025
-5 27 65025
-5 28 65025
-5 29 65025
-5 30 65025
-5 31 65025
-4 -31 65025
-4 -30 65025
-4 -29 65025
-4 -28 65025
-4 -27 65025
-4 -26 65025
-4 -25 65025
-4 -24 65025
-4 -23 65025
-4 -22 65025
-4 -21 65025
-4 -20 65025
-4 -19 65025
-4 -18 65025
-4 -17 65025
-4 -16 65025
-4 -15 65025
-4 -14 65025
-4 -13 65025
-4 -12 65025
-4 -11 65025
-4 -10 65025
-4 -9 65025
-4 -8 65025
-4 -7 65025
-4 -6 65025
-4 -5 65025
-4 -4 65025
-4 -3 65025
-4 -2 65025
-4 -1 65025
-4 0 65025
-4 1 65025
-4 2 65025
-4 3 65025
-4 4 65025
-4 5 65025
-4 6 65025
-4 7 65025
-4 8 65025
-4 9 65025
-4 10 65025
-4 11 65025
-4 12 65025
-4 13 65025
-4 14 65025
-4 15 65025
-4 16 65025
-4 17 65025
-4 18 65025
-4 19 65025
-4 20 65025
-4 21 65025
-4 22 65025
-4 23 65025
-4 24 65025
-4 25 65025
-4 26 65025
-4 27 65025
-4 28 65025
-4 29 65025
-4 30 65025
-4 31 65025
-3 -31 65025
-3 -30 65025
-3 -29 65025
-3 -28 65025
-3 -27 65025
-3 -26 65025
-3 -25 65025
-3 -24 65025
-3 -23 65025
-3 -22 65025
-3 -21 65025
-3 -20 65025
-3 -19 65025
-3 -18 65025
-3 -17 65025
-3 -16 65025
-3 -15 65025
-3 -14 65025
-3 -13 65025
-3 -12 65025
-3 -11 65025
-3 -10 65025
-3 -9 65025
-3 -8 65025
-3 -7 65025
-3 -6 65025
-3 -5 65025
-3 -4 65025
-3 -3 65025
-3 -2 65025
-3 -1 65025
-3 0 65025
-3 1 65025
-3 2 65025
-3 3 65025
-3 4 65025
-3 5 65025
-3 6 65025
-3 7 65025
-3 8 65025
-3 9 65025
-3 10 65025
-3 11 65025
-3 12 65025
-3 13 65025
-3 14 65025
-3 15 65025
-3 16 65025
-3 17 65025
-3 18 65025
-3 19 65025
-3 20 65025
-3 21 65025
-3 22 65025
-3 23 65025
-3 24 65025
-3 25 65025
-3 26 65025
-3 27 65025
-3 28 65025
-3 29 65025
-3 30 65025
-3 31 65025
-2 -31 65025
-2 -30 65025
-2 -29 65025
-2 -28 65025
-2 -27 65025
-2 -26 65025
-2 -25 65025
-2 -24 65025
-2 -23 65025
-2 -22 65025
-2 -21 65025
-2 -20 65025
-2 -19 65025
-2 -18 65025
-2 -17 65025
-2 -16 65025
-2 -15 65025
-2 -14 65025
-2 -13 65025
-2 -12 65025
-2 -11 65025
-2 -10 65025
-2 -9 65025
-2 -8 65025
-2 -7 65025
-2 -6 65025
-2 -5 65025
-2 -4 65025
-2 -3 65025
-2 -2 65025
-2 -1 65025
-2 0 65025
-2 1 65025
-2 2 65025
-2 3 65025
-2 4 65025
-2 5 65025
-2 6 65025
-2 7 65025
-2 8 65025
-2 9 65025
-2 10 65025
-2 11 65025
-2 12 65025
-2 13 65025
-2 14 65025
-2 15 65025
-2 16 65025
-2 17 65025
-2 18 65025
-2 19 65025
-2 20 65025
-2 21 65025
-2 22 65025
-2 23 65025
-2 24 65025
-2 25 65025
-2 26 65025
-2 27 65025
-2 28 65025
-2 29 65025
-2 30 65025
-2 31 65025
-1 -31 65025
-1 -30 65025
-1 -29 65025
-1 -28 65025
-1 -27 65025
-1 -26 65025
-1 -25 65025
-1 -24 65025
-1 -23 65025
-1 -22 65025
-1 -21 65025
-1 -20 65025
-1 -19 65025
-1 -18 65025
-1 -17 65025
-1 -16 65025
-1 -15 65025
-1 -14 65025
-1 -13 65025
-1 -12 65025
-1 -11 65025
-1 -10 65025
-1 -9 65025
-1 -8 65025
-1 -7 65025
-1 -6 65025
-1 -5 65025
-1 -4 65025
-1 -3 65025
-1 -2 65025
-1 -1 65025
-1 0 65025
-1 1 65025
-1 2 65025
-1 3 65025
-1 4 65025
-1 5 65025
-1 6 65025
-1 7 65025
-1 8 65025
-1 9 65025
-1 10 65025
-1 11 65025
-1 12 65025
-1 13 65025
-1 14 65025
-1 15 65025
-1 16 65025
-1 17 65025
-1 18 65025
-1 19 65025
-1 20 65025
-1 21 65025
-1 22 65025
-1 23 65025
-1 24 65025
-1 25 65025
-1 26 65025
-1 27 65025
-1 28 65025
-1 29 65025
-1 30 65025
-1 31 65025
0 -31 65025
0 -30 65025
0 -29 65025
0 -28 65025
0 -27 65025
0 -26 65025
0 -25 65025
0 -24 65025
0 -23 65025
0 -22 65025
0 -21 65025
0 -20 65025
0 -19 65025
0 -18 65025
0 -17 65025
0 -16 65025
0 -15 65025
0 -14 65025
0 -13 65025
0 -12 65025
0 -11 65025
0 -10 65025
0 -9 65025
0 -8 65025
0 -7 65025
0 -6 65025
0 -5 65025
0 -4 65025
0 -3 65025
0 -2 65025
0 -1 65025
0 0 65025
0 1 65025
0 2 65025
0 3 65025
0 4 65025
0 5 65025
0 6 65025
0 7 65025
0 8 65025
0 9 65025
0 10 65025
0 11 65025
0 12 65025
0 13 65025
0 14 65025
0 15 65025
0 16 65025
0 17 65025
0 18 65025
0 19 65025
0 20 65025
0 21 65025
0 22 65025
0 23 65025
0 24 65025
0 25 65025
0 26 65025
0 27 65025
0 28 65025
0 29 65025
0 30 65025
0 31 65025
1 -31 65025
1 -30 65025
1 -29 65025
1 -28 65025
1 -27 65025
1 -26 65025
1 -25 65025
1 -24 65025
1 -23 65025
1 -22 65025
1 -21 65025
1 -20 65025
1 -19 65025
1 -18 65025
1 -17 65025
1 -16 65025
1 -15 65025
1 -14 65025
1 -13 65025
1 -12 65025
1 -11 65025
1 -10 65025
1 -9 65025
1 -8 65025
1 -7 65025
1 -6 65025
1 -5 65025
1 -4 65025
1 -3 65025
1 -2 65025
1 -1 65025
1 0 65025
1 1 65025
1 2 65025
1 3 65025
1 4 65025
1 5 65025
1 6 65025
1 7 65025
1 8 65025
1 9 65025
1 10 65025
1 11 65025
1 12 65025
1 13 65025
1 14 65025
1 15 65025
1 16 65025
1 17 65025
1 18 65025
1 19 65025
1 20 65025
1 21 65025
1 22 65025
1 23 65025
1 24 65025
1 25 65025
1 26 65025
1 27 65025
1 28 65025
1 29 65025
1 30 65025
1 31 65025
2 -31 64517
2 -30 64263
2 -29 64009
2 -28 63755
2 -27 63501
2 -26 63247
2 -25 62993
2 -24 62739
2 -23 62485
2 -22 62231
2 -21 61977
2 -20 61722.9
2 -19 61468.9
2 -18 61214.9
2 -17 60960.9
2 -16 61214.9
2 -15 61468.9
2 -14 61722.9
2 -13 61977
2 -12 62231
2 -11 62485
2 -10 62739
2 -9 62993
2 -8 63247
2 -7 63501
2 -6 63755
2 -5 64009
2 -4 64263
2 -3 64517
2 -2 64771
2 -1 65025
2 0 65025
2 1 65025
2 2 65025
2 3 65025
2 4 65025
2 5 65025
2 6 65025
2 7 65025
2 8 65025
2 9 65025
2 10 65025
2 11 65025
2 12 65025
2 13 65025
2 14 65025
2 15 65025
2 16 65025
2 17 65025
2 18 65025
2 19 65025
2 20 65025
2 21 65025
2 22 65025
2 23 65025
2 24 65025
2 25 65025
2 26 65025
2 27 65025
2 28 65025
2 29 65025
2 30 65025
2 31 65025
3 -31 64009
3 -30 63501
3 -29 62993
3 -28 62485
3 -27 61977
3 -26 61468.9
3 -25 60960.9
3 -24 60452.9
3 -23 59944.9
3 -22 59436.9
3 -21 58928.9
3 -20 58420.9
3 -19 57912.9
3 -18 57404.9
3 -17 56896.9
3 -16 57404.9
3 -15 57912.9
3 -14 58420.9
3 -13 58928.9
3 -12 59436.9
3 -11 59944.9
3 -10 60452.9
3 -9 60960.9
3 -8 61468.9
3 -7 61977
3 -6 62485
3 -5 62993
3 -4 63501
3 -3 64009
3 -2 64517
3 -1 65025
3 0 65025
3 1 65025
3 2 65025
3 3 65025
3 4 65025
3 5 65025
3 6 65025
3 7 65025
3 8 65025
3 9 65025
3 10 65025
3 11 65025
3 12 65025
3 13 65025
3 14 65025
3 15 65025
3 16 65025
3 17 65025
3 18 65025
3 19 65025
3 20 65025
3 21 65025
3 22 65025
3 23 65025
3 24 65025
3 25 65025
3 26 65025
3 27 65025
3 28 65025
3 29 65025
3 30 65025
3 31 65025
4 -31 63501
4 -30 62739
4 -29 61977
4 -28 61214.9
4 -27 60452.9
4 -26 59690.9
4 -25 58928.9
4 -24 58166.9
4 -23 57404.9
4 -22 56642.9
4 -21 55880.9
4 -20 55118.8
4 -19 54356.8
4 -18 53594.8
4 -17 52832.8
4 -16 53594.8
4 -15 54356.8
4 -14 55118.8
4 -13 55880.9
4 -12 56642.9
4 -11 57404.9
4 -10 58166.9
4 -9 58928.9
4 -8 59690.9
4 -7 60452.9
4 -6 61214.9
4 -5 61977
4 -4 62739
4 -3 63501
4 -2 64263
4 -1 65025
4 0 65025
4 1 65025
4 2 65025
4 3 65025
4 4 65025
4 5 65025
4 6 65025
4 7 65025
4 8 65025
4 9 65025
4 10 65025
4 11 65025
4 12 65025
4 13 65025
4 14 65025
4 15 65025
4 16 65025
4 17 65025
4 18 65025
4 19 65025
4 20 65025
4 21 65025
4 22 65025
4 23 65025
4 24 65025
4 25 65025
4 26 65025
4 27 65025
4 28 65025
4 29 65025
4 30 65025
4 31 65025
5 -31 62993
5 -30 61977
5 -29 60960.9
5 -28 59944.9
5 -27 58928.9
5 -26 57912.9
5 -25 56896.9
5 -24 55880.9
5 -23 54864.8
5 -22 53848.8
5 -21 52832.8
5 -20 51816.8
5 -19 50800.8
5 -18 49784.8
5 -17 48768.8
5 -16 49784.8
5 -15 50800.8
5 -14 51816.8
5 -13 52832.8
5 -12 53848.8
5 -11 54864.8
5 -10 55880.9
5 -9 56896.9
5 -8 57912.9
5 -7 58928.9
5 -6 59944.9
5 -5 60960.9
5 -4 61977
5 -3 62993
5 -2 64009
5 -1 65025
5 0 65025
5 1 65025
5 2 65025
5 3 65025
5 4 65025
5 5 65025
5 6 65025
5 7 65025
5 8 65025
5 9 65025
5 10 65025
5 11 65025
5 12 65025
5 13 65025
5 14 65025
5 15 65025
5 16 65025
5 17 65025
5 18 65025
5 19 65025
5 20 65025
5 21 65025
5 22 65025
5 23 65025
5 24 65025
5 25 65025
5 26 65025
5 27 65025
5 28 65025
5 29 65025
5 30 65025
5 31 65025
6 -31 62485
6 -30 61214.9
6 -29 59944.9
6 -28 58674.9
6 -27 57404.9
6 -26 56134.9
6 -25 54864.8
6 -24 53594.8
6 -23 52324.8
6 -22 51054.8
6 -21 49784.8
6 -20 48514.7
6 -19 47244.7
6 -18 45974.7
6 -17 44704.7
6 -16 45974.7
6 -15 47244.7
6 -14 48514.7
6 -13 49784.8
6 -12 51054.8
6 -11 52324.8
6 -10 53594.8
6 -9 54864.8
6 -8 56134.9
6 -7 57404.9
6 -6 58674.9
6 -5 59944.9
6 -4 61214.9
6 -3 62485
6 -2 63755
6 -1 65025
6 0 65025
6 1 65025
6 2 65025
6 3 65025
6 4 65025
6 5 65025
6 6 65025
6 7 65025
6 8 65025
6 9 65025
6 10 65025
6 11 65025
6 12 65025
6 13 65025
6 14 65025
6 15 65025
6 16 65025
6 17 65025
6 18 65025
6 19 65025
6 20 65025
6 21 65025
6 22 65025
6 23 65025
6 24 65025
6 25 65025
6 26 65025
6 27 65025
6 28 65025
6 29 65025
6 30 65025
6 31 65025
7 -31 61977
7 -30 60452.9
7 -29 58928.9
7 -28 57404.9
7 -27 55880.9
7 -26 54356.8
7 -25 52832.8
7 -24 51308.8
7 -23 49784.8
7 -22 48260.7
7 -21 46736.7
7 -20 45212.7
7 -19 43688.7
7 -18 42164.6
7 -17 40640.6
7 -16 42164.6
7 -15 43688.7
7 -14 45212.7
7 -13 46736.7
7 -12 48260.7
7 -11 49784.8
7 -10 51308.8
7 -9 52832.8
7 -8 54356.8
7 -7 55880.9
7 -6 57404.9
7 -5 58928.9
7 -4 60452.9
7 -3 61977
7 -2 63501
7 -1 65025
7 0 65025
7 1 65025
7 2 65025
7 3 65025
7 4 65025
7 5 65025
7 6 65025
7 7 65025
7 8 65025
7 9 65025
7 10 65025
7 11 65025
7 12 65025
7 13 65025
7 14 65025
7 15 65025
7 16 65025
7 17 65025
7 18 65025
7 19 65025
7 20 65025
7 21 65025
7 22 65025
7 23 65025
7 24 65025
7 25 65025
7 26 65025
7 27 65025
7 28 65025
7 29 65025
7 30 65025
7 31 65025
8 -31 61468.9
8 -30 59690.9
8 -29 57912.9
8 -28 56134.9
8 -27 54356.8
8 -26 52578.8
8 -25 50800.8
8 -24 49022.8
8 -23 47244.7
8 -22 45466.7
8 -21 43688.7
8 -20 41910.6
8 -19 40132.6
8 -18 38354.6
8 -17 36576.6
8 -16 38354.6
8 -15 40132.6
8 -14 41910.6
8 -13 43688.7
8 -12 45466.7
8 -11 47244.7
8 -10 49022.8
8 -9 50800.8
8 -8 52578.8
8 -7 54356.8
8 -6 56134.9
8 -5 57912.9
8 -4 59690.9
8 -3 61468.9
8 -2 63247
8 -1 65025
8 0 65025
8 1 65025
8 2 65025
8 3 65025
8 4 65025
8 5 65025
8 6 65025
8 7 65025
8 8 65025
8 9 65025
8 10 65025
8 11 65025
8 12 65025
8 13 65025
8 14 65025
8 15 65025
8 16 65025
8 17 65025
8 18 65025
8 19 65025
8 20 65025
8 21 65025
8 22 65025
8 23 65025
8 24 65025
8 25 65025
8 26 65025
8 27 65025
8 28 65025
8 29 65025
8 30 65025
8 31 65025
9 -31 60960.9
9 -30 58928.9
9 -29 56896.9
9 -28 54864.8
9 -27 52832.8
9 -26 50800.8
9 -25 48768.8
9 -24 46736.7
9 -23 44704.7
9 -22 42672.7
9 -21 40640.6
9 -20 38608.6
9 -19 36576.6
9 -18 34544.5
9 -17 32512.5
9 -16 34544.5
9 -15 36576.6
9 -14 38608.6
9 -13 40640.6
9 -12 42672.7
9 -11 44704.7
9 -10 46736.7
9 -9 48768.8
9 -8 50800.8
9 -7 52832.8
9 -6 54864.8
9 -5 56896.9
9 -4 58928.9
9 -3 60960.9
9 -2 62993
9 -1 65025
9 0 65025
9 1 65025
9 2 65025
9 3 65025
9 4 65025
9 5 65025
9 6 65025
9 7 65025
9 8 65025
9 9 65025
9 10 65025
9 11 65025
9 12 65025
9 13 65025
9 14 65025
9 15 65025
9 16 65025
9 17 65025
9 18 65025
9 19 65025
9 20 65025
9 21 65025
9 22 65025
9 23 65025
9 24 65025
9 25 65025
9 26 65025
9 27 65025
9 28 65025
9 29 65025
9 30 65025
9 31 65025
10 -31 60452.9
10 -30 58166.9
10 -29 55880.9
10 -28 53594.8
10 -27 51308.8
10 -26 49022.8
10 -25 46736.7
10 -24 44450.7
10 -23 42164.6
10 -22 39878.6
10 -21 37592.6
10 -20 35306.5
10 -19 33020.5
10 -18 30734.5
10 -17 28448.4
10 -16 30734.5
10 -15 33020.5
10 -14 35306.5
10 -13 37592.6
10 -12 39878.6
10 -11 42164.6
10 -10 44450.7
10 -9 46736.7
10 -8 49022.8
10 -7 51308.8
10 -6 53594.8
10 -5 55880.9
10 -4 58166.9
10 -3 60452.9
10 -2 62739
10 -1 65025
10 0 65025
10 1 65025
10 2 65025
10 3 65025
10 4 65025
10 5 65025
10 6 65025
10 7 65025
10 8 65025
10 9 65025
10 10 65025
10 11 65025
10 12 65025
10 13 65025
10 14 65025
10 15 65025
10 16 65025
10 17 65025
10 18 65025
10 19 65025
10 20 65025
10 21 65025
10 22 65025
10 23 65025
10 24 65025
10 25 65025
10 26 65025
10 27 65025
10 28 65025
10 29 65025
10 30 65025
10 31 65025
11 -31 59944.9
11 -30 57404.9
11 -29 54864.8
11 -28 52324.8
11 -27 49784.8
11 -26 47244.7
11 -25 44704.7
11 -24 42164.6
11 -23 39624.6
11 -22 37084.6
11 -21 34544.5
11 -20 32004.5
11 -19 29464.5
11 -18 26924.4
11 -17 24384.4
11 -16 26924.4
11 -15 29464.5
11 -14 32004.5
11 -13 34544.5
11 -12 37084.6
11 -11 39624.6
11 -10 42164.6
11 -9 44704.7
11 -8 47244.7
11 -7 49784.8
11 -6 52324.8
11 -5 54864.8
11 -4 57404.9
11 -3 59944.9
11 -2 62485
11 -1 65025
11 0 65025
11 1 65025
11 2 65025
11 3 65025
11 4 65025
11 5 65025
11 6 65025
11 7 65025
11 8 65025
11 9 65025
11 10 65025
11 11 65025
11 12 65025
11 13 65025
11 14 65025
11 15 65025
11 16 65025
11 17 65025
11 18 65025
11 19 65025
11 20 65025
11 21 65025
11 22 65025
11 23 65025
11 24 65025
11 25 65025
11 26 65025
11 27 65025
11 28 65025
11 29 65025
11 30 65025
11 31 65025
12 -31 59436.9
12 -30 56642.9
12 -29 53848.8
12 -28 51054.8
12 -27 48260.7
12 -26 45466.7
12 -25 42672.7
12 -24 39878.6
12 -23 37084.6
12 -22 34290.5
12 -21 31496.5
12 -20 28702.4
12 -19 25908.4
12 -18 23114.4
12 -17 20320.3
12 -16 23114.4
12 -15 25908.4
12 -14 28702.4
12 -13 31496.5
12 -12 34290.5
12 -11 37084.6
12 -10 39878.6
12 -9 42672.7
12 -8 45466.7
12 -7 48260.7
12 -6 51054.8
12 -5 53848.8
12 -4 56642.9
12 -3 59436.9
12 -2 62231
12 -1 65025
12 0 65025
12 1 65025
12 2 65025
12 3 65025
12 4 65025
12 5 65025
12 6 65025
12 7 65025
12 8 65025
12 9 65025
12 10 65025
12 11 65025
12 12 65025
12 13 65025
12 14 65025
12 15 65025
12 16 65025
12 17 65025
12 18 65025
12 19 65025
12 20 65025
12 21 65025
12 22 65025
12 23 65025
12 24 65025
12 25 65025
12 26 65025
12 27 65025
12 28 65025
12 29 65025
12 30 65025
12 31 65025
13 -31 58928.9
13 -30 55880.9
13 -29 52832.8
13 -28 49784.8
13 -27 46736.7
13 -26 43688.7
13 -25 40640.6
13 -24 37592.6
13 -23 34544.5
13 -22 31496.5
13 -21 28448.4
13 -20 25400.4
13 -19 22352.3
13 -18 19304.3
13 -17 16256.2
13 -16 19304.3
13 -15 22352.3
13 -14 25400.4
13 -13 28448.4
13 -12 31496.5
13 -11 34544.5
13 -10 37592.6
13 -9 40640.6
13 -8 43688.7
13 -7 46736.7
13 -6 49784.8
13 -5 52832.8
13 -4 55880.9
13 -3 58928.9
13 -2 61977
13 -1 65025
13 0 65025
13 1 65025
13 2 65025
13 3 65025
13 4 65025
13 5 65025
13 6 65025
13 7 65025
13 8 65025
13 9 65025
13 10 65025
13 11 65025
13 12 65025
13 13 65025
13 14 65025
13 15 65025
13 16 65025
13 17 65025
13 18 65025
13 19 65025
13 20 65025
13 21 65025
13 22 65025
13 23 65025
13 24 65025
13 25 65025
13 26 65025
13 27 65025
13 28 65025
13 29 65025
13 30 65025
13 31 65025
14 -31 58420.9
14 -30 55118.8
14 -29 51816.8
14 -28 48514.7
14 -27 45212.7
14 -26 41910.6
14 -25 38608.6
14 -24 35306.5
14 -23 32004.5
14 -22 28702.4
14 -21 25400.4
14 -20 22098.3
14 -19 18796.3
14 -18 15494.2
14 -17 12192.2
14 -16 15494.2
14 -15 18796.3
14 -14 22098.3
14 -13 25400.4
14 -12 28702.4
14 -11 32004.5
14 -10 35306.5
14 -9 38608.6
14 -8 41910.6
14 -7 45212.7
14 -6 48514.7
14 -5 51816.8
14 -4 55118.8
14 -3 58420.9
14 -2 61722.9
14 -1 65025
14 0 65025
14 1 65025
14 2 65025
14 3 65025
14 4 65025
14 5 65025
14 6 65025
14 7 65025
14 8 65025
14 9 65025
14 10 65025
14 11 65025
14 12 65025
14 13 65025
14 14 65025
14 15 65025
14 16 65025
14 17 65025
14 18 65025
14 19 65025
14 20 65025
14 21 65025
14 22 65025
14 23 65025
14 24 65025
14 25 65025
14 26 65025
14 27 65025
14 28 65025
14 29 65025
14 30 65025
14 31 65025
15 -31 57912.9
15 -30 54356.8
15 -29 50800.8
15 -28 47244.7
15 -27 43688.7
15 -26 40132.6
15 -25 36576.6
15 -24 33020.5
15 -23 29464.5
15 -22 25908.4
15 -21 22352.3
15 -20 18796.3
15 -19 15240.2
15 -18 11684.2
15 -17 8128.12
15 -16 11684.2
15 -15 15240.2
15 -14 18796.3
15 -13 22352.3
15 -12 25908.4
15 -11 29464.5
15 -10 33020.5
15 -9 36576.6
15 -8 40132.6
15 -7 43688.7
15 -6 47244.7
15 -5 50800.8
15 -4 54356.8
15 -3 57912.9
15 -2 61468.9
15 -1 65025
15 0 65025
15 1 65025
15 2 65025
15 3 65025
15 4 65025
15 5 65025
15 6 65025
15 7 65025
15 8 65025
15 9 65025
15 10 65025
15 11 65025
15 12 65025
15 13 65025
15 14 65025
15 15 65025
15 16 65025
15 17 65025
15 18 65025
15 19 65025
15 20 65025
15 21 65025
15 22 65025
15 23 65025
15 24 65025
15 25 65025
15 26 65025
15 27 65025
15 28 65025
15 29 65025
15 30 65025
15 31 65025
16 -31 57404.9
16 -30 53594.8
16 -29 49784.8
16 -28 45974.7
16 -27 42164.6
16 -26 38354.6
16 -25 34544.5
16 -24 30734.5
16 -23 26924.4
16 -22 23114.4
16 -21 19304.3
16 -20 15494.2
16 -19 11684.2
16 -18 7874.12
16 -17 4064.06
16 -16 7874.12
16 -15 11684.2
16 -14 15494.2
16 -13 19304.3
16 -12 23114.4
16 -11 26924.4
16 -10 30734.5
16 -9 34544.5
16 -8 38354.6
16 -7 42164.6
16 -6 45974.7
16 -5 49784.8
16 -4 53594.8
16 -3 57404.9
16 -2 61214.9
16 -1 65025
16 0 65025
16 1 65025
16 2 65025
16 3 65025
16 4 65025
16 5 65025
16 6 65025
16 7 65025
16 8 65025
16 9 65025
16 10 65025
16 11 65025
16 12 65025
16 13 65025
16 14 65025
16 15 65025
16 16 65025
16 17 65025
16 18 65025
16 19 65025
16 20 65025
16 21 65025
16 22 65025
16 23 65025
16 24 65025
16 25 65025
16 26 65025
16 27 65025
16 28 65025
16 29 65025
16 30 65025
16 31 65025
17 -31 56896.9
17 -30 52832.8
17 -29 48768.8
17 -28 44704.7
17 -27 40640.6
17 -26 36576.6
17 -25 32512.5
17 -24 28448.4
17 -23 24384.4
17 -22 20320.3
17 -21 16256.2
17 -20 12192.2
17 -19 8128.12
17 -18 4064.06
17 -17 0
17 -16 4064.06
17 -15 8128.12
17 -14 12192.2
17 -13 16256.2
17 -12 20320.3
17 -11 24384.4
17 -10 28448.4
17 -9 32512.5
17 -8 36576.6
17 -7 40640.6
17 -6 44704.7
17 -5 48768.8
17 -4 52832.8
17 -3 56896.9
17 -2 60960.9
17 -1 65025
17 0 65025
17 1 65025
17 2 65025
17 3 65025
17 4 65025
17 5 65025
17 6 65025
17 7 65025
17 8 65025
17 9 65025
17 10 65025
17 11 65025
17 12 65025
17 13 65025
17 14 65025
17 15 65025
17 16 65025
17 17 65025
17 18 65025
17 19 65025
17 20 65025
17 21 65025
17 22 65025
17 23 65025
17 24 65025
17 25 65025
17 26 65025
17 27 65025
17 28 65025
17 29 65025
17 30 65025
17 31 65025
18 -31 57404.9
18 -30 53594.8
18 -29 49784.8
18 -28 45974.7
18 -27 42164.6
18 -26 38354.6
18 -25 34544.5
18 -24 30734.5
18 -23 26924.4
18 -22 23114.4
18 -21 19304.3
18 -20 15494.2
18 -19 11684.2
18 -18 7874.12
18 -17 4064.06
18 -16 7874.12
18 -15 11684.2
18 -14 15494.2
18 -13 19304.3
18 -12 23114.4
18 -11 26924.4
18 -10 30734.5
18 -9 34544.5
18 -8 38354.6
18 -7 42164.6
18 -6 45974.7
18 -5 49784.8
18 -4 53594.8
18 -3 57404.9
18 -2 61214.9
18 -1 65025
18 0 65025
18 1 65025
18 2 65025
18 3 65025
18 4 65025
18 5 65025
18 6 65025
18 7 65025
18 8 65025
18 9 65025
18 10 65025
18 11 65025
18 12 65025
18 13 65025
18 14 65025
18 15 65025
18 16 65025
18 17 65025
18 18 65025
18 19 65025
18 20 65025
18 21 65025
18 22 65025
18 23 65025
18 24 65025
18 25 65025
18 26 65025
18 27 65025
18 28 65025
18 29 65025
18 30 65025
18 31 65025
19 -31 57912.9
19 -30 54356.8
19 -29 50800.8
19 -28 47244.7
19 -27 43688.7
19 -26 40132.6
19 -25 36576.6
19 -24 33020.5
19 -23 29464.5
19 -22 25908.4
19 -21 22352.3
19 -20 18796.3
19 -19 15240.2
19 -18 11684.2
19 -17 8128.12
19 -16 11684.2
19 -15 15240.2
19 -14 18796.3
19 -13 22352.3
19 -12 25908.4
19 -11 29464.5
19 -10 33020.5
19 -9 36576.6
19 -8 40132.6
19 -7 43688.7
19 -6 47244.7
19 -5 50800.8
19 -4 54356.8
19 -3 57912.9
19 -2 61468.9
19 -1 65025
19 0 65025
19 1 65025
19 2 65025
19 3 65025
19 4 65025
19 5 65025
19 6 65025
19 7 65025
19 8 65025
19 9 65025
19 10 65025
19 11 65025
19 12 65025
19 13 65025
19 14 65025
19 15 65025
19 16 65025
19 17 65025
19 18 65025
19 19 65025
19 20 65025
19 21 65025
19 22 65025
19 23 65025
19 24 65025
19 25 65025
19 26 65025
19 27 65025
19 28 65025
19 29 65025
19 30 65025
19 31 65025
20 -31 58420.9
20 -30 55118.8
20 -29 51816.8
20 -28 48514.7
20 -27 45212.7
20 -26 41910.6
20 -25 38608.6
20 -24 35306.5
20 -23 32004.5
20 -22 28702.4
20 -21 25400.4
20 -20 22098.3
20 -19 18796.3
20 -18 15494.2
20 -17 12192.2
20 -16 15494.2
20 -15 18796.3
20 -14 22098.3
20 -13 25400.4
20 -12 28702.4
20 -11 32004.5
20 -10 35306.5
20 -9 38608.6
20 -8 41910.6
20 -7 45212.7
20 -6 48514.7
20 -5 51816.8
20 -4 55118.8
20 -3 58420.9
20 -2 61722.9
20 -1 65025
20 0 65025
20 1 65025
20 2 65025
20 3 65025
20 4 65025
20 5 65025
20 6 65025
20 7 65025
20 8 65025
20 9 65025
20 10 65025
20 11 65025
20 12 65025
20 13 65025
20 14 65025
20 15 65025
20 16 65025
20 17 65025
20 18 65025
20 19 65025
20 20 65025
20 21 65025
20 22 65025
20 23 65025
20 24 65025
20 25 65025
20 26 65025
20 27 65025
20 28 65025
20 29 65025
20 30 65025
20 31 65025
21 -31 58928.9
21 -30 55880.9
21 -29 52832.8
21 -28 49784.8
21 -27 46736.7
21 -26 43688.7
21 -25 40640.6
21 -24 37592.6
21 -23 34544.5
21 -22 31496.5
21 -21 28448.4
21 -20 25400.4
21 -19 22352.3
21 -18 19304.3
21 -17 16256.2
21 -16 19304.3
21 -15 22352.3
21 -14 25400.4
21 -13 28448.4
21 -12 31496.5
21 -11 34544.5
21 -10 37592.6
21 -9 40640.6
21 -8 43688.7
21 -7 46736.7
21 -6 49784.8
21 -5 52832.8
21 -4 55880.9
21 -3 58928.9
21 -2 61977
21 -1 65025
21 0 65025
21 1 65025
21 2 65025
21 3 65025
21 4 65025
21 5 65025
21 6 65025
21 7 65025
21 8 65025
21 9 65025
21 10 65025
21 11 65025
21 12 65025
21 13 65025
21 14 65025
21 15 65025
21 16 65025
21 17 65025
21 18 65025
21 19 65025
21 20 65025
21 21 65025
21 22 65025
21 23 65025
21 24 65025
21 25 65025
21 26 65025
21 27 65025
21 28 65025
21 29 65025
21 30 65025
21 31 65025
22 -31 59436.9
22 -30 56642.9
22 -29 53848.8
22 -28 51054.8
22 -27 48260.7
22 -26 45466.7
22 -25 42672.7
22 -24 39878.6
22 -23 37084.6
22 -22 34290.5
22 -21 31496.5
22 -20 28702.4
22 -19 25908.4
22 -18 23114.4
22 -17 20320.3
22 -16 23114.4
22 -15 25908.4
22 -14 28702.4
22 -13 31496.5
22 -12 34290.5
22 -11 37084.6
22 -10 39878.6
22 -9 42672.7
22 -8 45466.7
22 -7 48260.7
22 -6 51054.8
22 -5 53848.8
22 -4 56642.9
22 -3 59436.9
22 -2 62231
22 -1 65025
22 0 65025
22 1 65025
22 2 65025
22 3 65025
22 4 65025
22 5 65025
22 6 65025
22 7 65025
22 8 65025
22 9 65025
22 10 65025
22 11 65025
22 12 65025
22 13 65025
22 14 65025
22 15 65025
22 16 65025
22 17 65025
22 18 65025
22 19 65025
22 20 65025
22 21 65025
22 22 65025
22 23 65025
22 24 65025
22 25 65025
22 26 65025
22 27 65025
22 28 65025
22 29 65025
22 30 65025
22 31 65025
23 -31 59944.9
23 -30 57404.9
23 -29 54864.8
23 -28 52324.8
23 -27 49784.8
23 -26 47244.7
23 -25 44704.7
23 -24 42164.6
23 -23 39624.6
23 -22 37084.6
23 -21 34544.5
23 -20 32004.5
23 -19 29464.5
23 -18 26924.4
23 -17 24384.4
23 -16 26924.4
23 -15 29464.5
23 -14 32004.5
23 -13 34544.5
23 -12 37084.6
23 -11 39624.6
23 -10 42164.6
23 -9 44704.7
23 -8 47244.7
23 -7 49784.8
23 -6 52324.8
23 -5 54864.8
23 -4 57404.9
23 -3 59944.9
23 -2 62485
23 -1 65025
23 0 65025
23 1 65025
23 2 65025
23 3 65025
23 4 65025
23 5 65025
23 6 65025
23 7 65025
23 8 65025
23 9 65025
23 10 65025
23 11 65025
23 12 65025
23 13 65025
23 14 65025
23 15 65025
23 16 65025
23 17 65025
23 18 65025
23 19 65025
23 20 65025
23 21 65025
23 22 65025
23 23 65025
23 24 65025
23 25 65025
23 26 65025
23 27 65025
23 28 65025
23 29 65025
23 30 65025
23 31 65025
24 -31 60452.9
24 -30 58166.9
24 -29 55880.9
24 -28 53594.8
24 -27 51308.8
24 -26 49022.8
24 -25 46736.7
24 -24 44450.7
24 -23 42164.6
24 -22 39878.6
24 -21 37592.6
24 -20 35306.5
24 -19 33020.5
24 -18 30734.5
24 -17 28448.4
24 -16 30734.5
24 -15 33020.5
24 -14 35306.5
24 -13 37592.6
24 -12 39878.6
24 -11 42164.6
24 -10 44450.7
24 -9 46736.7
24 -8 49022.8
24 -7 51308.8
24 -6 53594.8
24 -5 55880.9
24 -4 58166.9
24 -3 60452.9
24 -2 62739
24 -1 65025
24 0 65025
24 1 65025
24 2 65025
24 3 65025
24 4 65025
24 5 65025
24 6 65025
24 7 65025
24 8 65025
24 9 65025
24 10 65025
24 11 65025
24 12 65025
24 13 65025
24 14 65025
24 15 65025
24 16 65025
24 17 65025
24 18 65025
24 19 65025
24 20 65025
24 21 65025
24 22 65025
24 23 65025
24 24 65025
24 25 65025
24 26 65025
24 27 65025
24 28 65025
24 29 65025
24 30 65025
24 31 65025
25 -31 60960.9
25 -30 58928.9
25 -29 56896.9
25 -28 54864.8
25 -27 52832.8
25 -26 50800.8
25 -25 48768.8
25 -24 46736.7
25 -23 44704.7
25 -22 42672.7
25 -21 40640.6
25 -20 38608.6
25 -19 36576.6
25 -18 34544.5
25 -17 32512.5
25 -16 34544.5
25 -15 36576.6
25 -14 38608.6
25 -13 40640.6
25 -12 42672.7
25 -11 44704.7
25 -10 46736.7
25 -9 48768.8
25 -8 50800.8
25 -7 52832.8
25 -6 54864.8
25 -5 56896.9
25 -4 58928.9
25 -3 60960.9
25 -2 62993
25 -1 65025
25 0 65025
25 1 65025
25 2 65025
25 3 65025
25 4 65025
25 5 65025
25 6 65025
25 7 65025
25 8 65025
25 9 65025
25 10 65025
25 11 65025
25 12 65025
25 13 65025
25 14 65025
25 15 65025
25 16 65025
25 17 65025
25 18 65025
25 19 65025
25 20 65025
25 21 65025
25 22 65025
25 23 65025
25 24 65025
25 25 65025
25 26 65025
25 27 65025
25 28 65025
25 29 65025
25 30 65025
25 31 65025
26 -31 61468.9
26 -30 59690.9
26 -29 57912.9
26 -28 56134.9
26 -27 54356.8
26 -26 52578.8
26 -25 50800.8
26 -24 49022.8
26 -23 47244.7
26 -22 45466.7
26 -21 43688.7
26 -20 41910.6
26 -19 40132.6
26 -18 38354.6
26 -17 36576.6
26 -16 38354.6
26 -15 40132.6
26 -14 41910.6
26 -13 43688.7
26 -12 45466.7
26 -11 47244.7
26 -10 49022.8
26 -9 50800.8
26 -8 52578.8
26 -7 54356.8
26 -6 56134.9
26 -5 57912.9
26 -4 59690.9
26 -3 61468.9
26 -2 63247
26 -1 65025
26 0 65025
26 1 65025
26 2 65025
26 3 65025
26 4 65025
26 5 65025
26 6 65025
26 7 65025
26 8 65025
26 9 65025
26 10 65025
26 11 65025
26 12 65025
26 13 65025
26 14 65025
26 15 65025
26 16 65025
26 17 65025
26 18 65025
26 19 65025
26 20 65025
26 21 65025
26 22 65025
26 23 65025
26 24 65025
26 25 65025
26 26 65025
26 27 65025
26 28 65025
26 29 65025
26 30 65025
26 31 65025
27 -31 61977
27 -30 60452.9
27 -29 58928.9
27 -28 57404.9
27 -27 55880.9
27 -26 54356.8
27 -25 52832.8
27 -24 51308.8
27 -23 49784.8
27 -22 48260.7
27 -21 46736.7
27 -20 45212.7
27 -19 43688.7
27 -18 42164.6
27 -17 40640.6
27 -16 42164.6
27 -15 43688.7
27 -14 45212.7
27 -13 46736.7
27 -12 48260.7
27 -11 49784.8
27 -10 51308.8
27 -9 52832.8
27 -8 54356.8
27 -7 55880.9
27 -6 57404.9
27 -5 58928.9
27 -4 60452.9
27 -3 61977
27 -2 63501
27 -1 65025
27 0 65025
27 1 65025
27 2 65025
27 3 65025
27 4 65025
27 5 65025
27 6 65025
27 7 65025
27 8 65025
27 9 65025
27 10 65025
27 11 65025
27 12 65025
27 13 65025
27 14 65025
27 15 65025
27 16 65025
27 17 65025
27 18 65025
27 19 65025
27 20 65025
27 21 65025
27 22 65025
27 23 65025
27 24 65025
27 25 65025
27 26 65025
27 27 65025
27 28 65025
27 29 65025
27 30 65025
27 31 65025
28 -31 62485
28 -30 61214.9
28 -29 59944.9
28 -28 58674.9
28 -27 57404.9
28 -26 56134.9
28 -25 54864.8
28 -24 53594.8
28 -23 52324.8
28 -22 51054.8
28 -21 49784.8
28 -20 48514.7
28 -19 47244.7
28 -18 45974.7
28 -17 44704.7
28 -16 45974.7
28 -15 47244.7
28 -14 48514.7
28 -13 49784.8
28 -12 51054.8
28 -11 52324.8
28 -10 53594.8
28 -9 54864.8
28 -8 56134.9
28 -7 57404.9
28 -6 58674.9
28 -5 59944.9
28 -4 61214.9
28 -3 62485
28 -2 63755
28 -1 65025
28 0 65025
28 1 65025
28 2 65025
28 3 65025
28 4 65025
28 5 65025
28 6 65025
28 7 65025
28 8 65025
28 9 65025
28 10 65025
28 11 65025
28 12 65025
28 13 65025
28 14 65025
28 15 65025
28 16 65025
28 17 65025
28 18 65025
28 19 65025
28 20 65025
28 21 65025
28 22 65025
28 23 65025
28 24 65025
28 25 65025
28 26 65025
28 27 65025
28 28 65025
28 29 65025
28 30 65025
28 31 65025
29 -31 62993
29 -30 61977
29 -29 60960.9
29 -28 59944.9
29 -27 58928.9
29 -26 57912.9
29 -25 56896.9
29 -24 55880.9
29 -23 54864.8
29 -22 53848.8
29 -21 52832.8
29 -20 51816.8
29 -19 50800.8
29 -18 49784.8
29 -17 48768.8
29 -16 49784.8
29 -15 50800.8
29 -14 51816.8
29 -13 52832.8
29 -12 53848.8
29 -11 54864.8
29 -10 55880.9
29 -9 56896.9
29 -8 57912.9
29 -7 58928.9
29 -6 59944.9
29 -5 60960.9
29 -4 61977
29 -3 62993
29 -2 64009
29 -1 65025
29 0 65025
29 1 65025
29 2 65025
29 3 65025
29 4 65025
29 5 65025
29 6 65025
29 7 65025
29 8 65025
29 9 65025
29 10 65025
29 11 65025
29 12 65025
29 13 65025
29 14 65025
29 15 65025
29 16 65025
29 17 65025
29 18 65025
29 19 65025
29 20 65025
29 21 65025
29 22 65025
29 23 65025
29 24 65025
29 25 65025
29 26 65025
29 27 65025
29 28 65025
29 29 65025
29 30 65025
29 31 65025
30 -31 63501
30 -30 62739
30 -29 61977
30 -28 61214.9
30 -27 60452.9
30 -26 59690.9
30 -25 58928.9
30 -24 58166.9
30 -23 57404.9
30 -22 56642.9
30 -21 55880.9
30 -20 55118.8
30 -19 54356.8
30 -18 53594.8
30 -17 52832.8
30 -16 53594.8
30 -15 54356.8
30 -14 55118.8
30 -13 55880.9
30 -12 56642.9
30 -11 57404.9
30 -10 58166.9
30 -9 58928.9
30 -8 59690.9
30 -7 60452.9
30 -6 61214.9
30 -5 61977
30 -4 62739
30 -3 63501
30 -2 64263
30 -1 65025
30 0 65025
30 1 65025
30 2 65025
30 3 65025
30 4 65025
30 5 65025
30 6 65025
30 7 65025
30 8 65025
30 9 65025
30 10 65025
30 11 65025
30 12 65025
30 13 65025
30 14 65025
30 15 65025
30 16 65025
30 17 65025
30 18 65025
30 19 65025
30 20 65025
30 21 65025
30 22 65025
30 23 65025
30 24 65025
30 25 65025
30 26 65025
30 27 65025
30 28 65025
30 29 65025
30 30 65025
30 31 65025
31 -31 64009
31 -30 63501
31 -29 62993
31 -28 62485
31 -27 61977
31 -26 61468.9
31 -25 60960.9
31 -24 60452.9
31 -23 59944.9
31 -22 59436.9
31 -21 58928.9
31 -20 58420.9
31 -19 57912.9
31 -18 57404.9
31 -17 56896.9
31 -16 57404.9
31 -15 57912.9
31 -14 58420.9
31 -13 58928.9
31 -12 59436.9
31 -11 59944.9
31 -10 60452.9
31 -9 60960.9
31 -8 61468.9
31 -7 61977
31 -6 62485
31 -5 62993
31 -4 63501
31 -3 64009
31 -2 64517
31 -1 65025
31 0 65025
31 1 65025
31 2 65025
31 3 65025
31 4 65025
31 5 65025
31 6 65025
31 7 65025
31 8 65025
31 9 65025
31 10 65025
31 11 65025
31 12 65025
31 13 65025
31 14 65025
31 15 65025
31 16 65025
31 17 65025
31 18 65025
31 19 65025
31 20 65025
31 21 65025
31 22 65025
31 23 65025
31 24 65025
31 25 65025
31 26 65025
31 27 65025
31 28 65025
31 29 65025
31 30 65025
31 31 65025
