-31 -31 5581.82
-31 -30 5608.12
-31 -29 5623.36
-31 -28 5720.28
-31 -27 5686.62
-31 -26 5715.33
-31 -25 5756.31
-31 -24 5751.61
-31 -23 5884.28
-31 -22 5799.43
-31 -21 5815.39
-31 -20 5828.54
-31 -19 5796.52
-31 -18 5806.8
-31 -17 5751.21
-31 -16 5672.17
-31 -15 5676.8
-31 -14 5722.78
-31 -13 5701.48
-31 -12 5627.86
-31 -11 5634.86
-31 -10 5594.95
-31 -9 5632.54
-31 -8 5641.35
-31 -7 5689.5
-31 -6 5665.13
-31 -5 5692.29
-31 -4 5701.19
-31 -3 5881.5
-31 -2 5923.01
-31 -1 5897.06
-31 0 5907.5
-31 1 5833.34
-31 2 5923.32
-31 3 6065.71
-31 4 6086.5
-31 5 6058.26
-31 6 6098.29
-31 7 6126
-31 8 6318.54
-31 9 6338.34
-31 10 6360.39
-31 11 6404.31
-31 12 6486.19
-31 13 6445.5
-31 14 6433.65
-31 15 6461.48
-31 16 6491.49
-31 17 6571.81
-31 18 6580.18
-31 19 6531.48
-31 20 6529.23
-31 21 6526.53
-31 22 6506.59
-31 23 6505.68
-31 24 6492.46
-31 25 6524
-31 26 6515.3
-31 27 6420.92
-31 28 6438.98
-31 29 6558.48
-31 30 6655.98
-31 31 6596.42
-30 -31 5506.84
-30 -30 5506.87
-30 -29 5511.42
-30 -28 5625.55
-30 -27 5588.57
-30 -26 5633.92
-30 -25 5662.43
-30 -24 5681.92
-30 -23 5814.69
-30 -22 5739.89
-30 -21 5748.46
-30 -20 5761.63
-30 -19 5736.51
-30 -18 5770.68
-30 -17 5721.34
-30 -16 5623.33
-30 -15 5625.03
-30 -14 5674.34
-30 -13 5649.89
-30 -12 5539
-30 -11 5565.03
-30 -10 5508.68
-30 -9 5530.97
-30 -8 5562.42
-30 -7 5610.77
-30 -6 5594.24
-30 -5 5648.81
-30 -4 5656.3
-30 -3 5842.12
-30 -2 5913.9
-30 -1 5908.11
-30 0 5896.97
-30 1 5798.04
-30 2 5909.56
-30 3 6038.4
-30 4 6044.96
-30 5 6016.17
-30 6 6067.33
-30 7 6110.02
-30 8 6275.5
-30 9 6292.01
-30 10 6328.06
-30 11 6392.46
-30 12 6487.43
-30 13 6448.25
-30 14 6440.7
-30 15 6495.28
-30 16 6557.87
-30 17 6624.04
-30 18 6633.12
-30 19 6583.74
-30 20 6602.98
-30 21 6616.61
-30 22 6579.24
-30 23 6572.26
-30 24 6572.18
-30 25 6598.59
-30 26 6578.22
-30 27 6484.91
-30 28 6492.26
-30 29 6600.95
-30 30 6719.81
-30 31 6623.6
-29 -31 5430.69
-29 -30 5433.22
-29 -29 5431.28
-29 -28 5558.73
-29 -27 5516.48
-29 -26 5562.01
-29 -25 5623.98
-29 -24 5647.69
-29 -23 5771.48
-29 -22 5701.38
-29 -21 5700.55
-29 -20 5724.76
-29 -19 5707.26
-29 -18 5726.36
-29 -17 5683.84
-29 -16 5605.71
-29 -15 5610.23
-29 -14 5658.59
-29 -13 5634.1
-29 -12 5533.84
-29 -11 5549.19
-29 -10 5498.11
-29 -9 5534.77
-29 -8 5546.16
-29 -7 5610.58
-29 -6 5607.12
-29 -5 5635.48
-29 -4 5642.93
-29 -3 5834.08
-29 -2 5884.94
-29 -1 5885.36
-29 0 5869.79
-29 1 5768.23
-29 2 5880.17
-29 3 6035.38
-29 4 6043.37
-29 5 6012.5
-29 6 6083.66
-29 7 6122.46
-29 8 6252.71
-29 9 6270.92
-29 10 6302.31
-29 11 6378.85
-29 12 6465.11
-29 13 6450.35
-29 14 6431.41
-29 15 6492.68
-29 16 6565.9
-29 17 6618.22
-29 18 6668.56
-29 19 6643.17
-29 20 6645.12
-29 21 6660
-29 22 6656.52
-29 23 6637.36
-29 24 6602.96
-29 25 6640.45
-29 26 6616.21
-29 27 6499.87
-29 28 6505.62
-29 29 6583.08
-29 30 6686.11
-29 31 6600.85
-28 -31 5472.66
-28 -30 5475.7
-28 -29 5471.85
-28 -28 5573.74
-28 -27 5540.02
-28 -26 5581.52
-28 -25 5626.6
-28 -24 5657.45
-28 -23 5754.57
-28 -22 5671.13
-28 -21 5653.11
-28 -20 5684.24
-28 -19 5632.28
-28 -18 5642.27
-28 -17 5598.97
-28 -16 5512.46
-28 -15 5531.96
-28 -14 5558.25
-28 -13 5534.07
-28 -12 5441.77
-28 -11 5468.89
-28 -10 5425.65
-28 -9 5466.89
-28 -8 5472.55
-28 -7 5547.59
-28 -6 5549.16
-28 -5 5592.11
-28 -4 5608.05
-28 -3 5829.25
-28 -2 5891
-28 -1 5900.09
-28 0 5913.36
-28 1 5826.26
-28 2 5937.13
-28 3 6077.46
-28 4 6096.06
-28 5 6060.55
-28 6 6118.88
-28 7 6187.77
-28 8 6265.9
-28 9 6259.09
-28 10 6307.2
-28 11 6379.8
-28 12 6465.43
-28 13 6430.79
-28 14 6410.68
-28 15 6478.16
-28 16 6535.91
-28 17 6586.62
-28 18 6608.79
-28 19 6611.91
-28 20 6618.61
-28 21 6621.19
-28 22 6599.34
-28 23 6567.96
-28 24 6545.93
-28 25 6574.3
-28 26 6524.02
-28 27 6423.55
-28 28 6431.57
-28 29 6518.86
-28 30 6588.54
-28 31 6521.15
-27 -31 5554.38
-27 -30 5566
-27 -29 5562.09
-27 -28 5642.12
-27 -27 5618.62
-27 -26 5640.54
-27 -25 5674.39
-27 -24 5704.83
-27 -23 5792.02
-27 -22 5698.46
-27 -21 5679.08
-27 -20 5701.84
-27 -19 5613.01
-27 -18 5620
-27 -17 5546.1
-27 -16 5428.21
-27 -15 5454.62
-27 -14 5479.74
-27 -13 5450.22
-27 -12 5352.61
-27 -11 5404.8
-27 -10 5373.41
-27 -9 5406.14
-27 -8 5426.87
-27 -7 5491.16
-27 -6 5498.9
-27 -5 5545.43
-27 -4 5571.33
-27 -3 5773.05
-27 -2 5871.65
-27 -1 5890.3
-27 0 5890.68
-27 1 5820.27
-27 2 5916.2
-27 3 6022.78
-27 4 6038.95
-27 5 6022.49
-27 6 6065.38
-27 7 6176.01
-27 8 6242.26
-27 9 6227.57
-27 10 6291.18
-27 11 6363.36
-27 12 6464.35
-27 13 6436.77
-27 14 6417.18
-27 15 6490.52
-27 16 6540.4
-27 17 6584.24
-27 18 6607.63
-27 19 6604.36
-27 20 6613.33
-27 21 6634.45
-27 22 6603.35
-27 23 6551.63
-27 24 6551.92
-27 25 6569.4
-27 26 6507.76
-27 27 6420.64
-27 28 6412.59
-27 29 6507.62
-27 30 6580.07
-27 31 6478.78
-26 -31 5558.89
-26 -30 5554.2
-26 -29 5533.75
-26 -28 5615.61
-26 -27 5565.39
-26 -26 5573.48
-26 -25 5592.06
-26 -24 5626.43
-26 -23 5698.45
-26 -22 5592.47
-26 -21 5587.87
-26 -20 5632.42
-26 -19 5554.78
-26 -18 5557.3
-26 -17 5534.3
-26 -16 5460.39
-26 -15 5476.88
-26 -14 5536.84
-26 -13 5500.38
-26 -12 5414.74
-26 -11 5475.73
-26 -10 5443.73
-26 -9 5476.45
-26 -8 5525.79
-26 -7 5580.71
-26 -6 5581.43
-26 -5 5618.45
-26 -4 5661.6
-26 -3 5841.73
-26 -2 5932.91
-26 -1 5941.43
-26 0 5933.03
-26 1 5862.64
-26 2 5942.66
-26 3 6046.33
-26 4 6072.76
-26 5 6041.8
-26 6 6101.78
-26 7 6233.38
-26 8 6313.37
-26 9 6312.79
-26 10 6350.36
-26 11 6414.59
-26 12 6515.29
-26 13 6474
-26 14 6446.89
-26 15 6471.52
-26 16 6518.52
-26 17 6498.48
-26 18 6549.97
-26 19 6549.61
-26 20 6543.93
-26 21 6550.57
-26 22 6529.73
-26 23 6474.5
-26 24 6465.39
-26 25 6480.61
-26 26 6424.4
-26 27 6344.02
-26 28 6340.68
-26 29 6403.36
-26 30 6504.88
-26 31 6400.87
-25 -31 5474.64
-25 -30 5467.43
-25 -29 5433.97
-25 -28 5493.16
-25 -27 5476.39
-25 -26 5504.88
-25 -25 5515.18
-25 -24 5571.04
-25 -23 5633.54
-25 -22 5532.17
-25 -21 5533.55
-25 -20 5581.11
-25 -19 5551.61
-25 -18 5548.97
-25 -17 5516.37
-25 -16 5471.1
-25 -15 5501.85
-25 -14 5575.94
-25 -13 5560.12
-25 -12 5462.18
-25 -11 5527.97
-25 -10 5494.98
-25 -9 5529.34
-25 -8 5561.66
-25 -7 5625.14
-25 -6 5639.75
-25 -5 5655.6
-25 -4 5676.24
-25 -3 5869.73
-25 -2 5958.79
-25 -1 5971.82
-25 0 5937.93
-25 1 5889.44
-25 2 5963.92
-25 3 6053.8
-25 4 6109.12
-25 5 6064.8
-25 6 6140.2
-25 7 6278.3
-25 8 6339.66
-25 9 6346.34
-25 10 6368.64
-25 11 6447
-25 12 6541.57
-25 13 6495.05
-25 14 6461.89
-25 15 6476.76
-25 16 6518.32
-25 17 6468.1
-25 18 6508.88
-25 19 6520.62
-25 20 6506.2
-25 21 6509.84
-25 22 6464.57
-25 23 6408.77
-25 24 6390.67
-25 25 6393.47
-25 26 6328.7
-25 27 6245.07
-25 28 6241.61
-25 29 6291.41
-25 30 6380.52
-25 31 6275.44
-24 -31 5410.83
-24 -30 5414.08
-24 -29 5400.29
-24 -28 5455.32
-24 -27 5453.84
-24 -26 5488.49
-24 -25 5511.83
-24 -24 5591.53
-24 -23 5618.52
-24 -22 5541.17
-24 -21 5530.08
-24 -20 5561.52
-24 -19 5537.48
-24 -18 5518.57
-24 -17 5481.04
-24 -16 5445.7
-24 -15 5489.68
-24 -14 5543.86
-24 -13 5544.36
-24 -12 5469.75
-24 -11 5536.56
-24 -10 5499.04
-24 -9 5559.29
-24 -8 5582.14
-24 -7 5646.96
-24 -6 5657.63
-24 -5 5671.24
-24 -4 5688.26
-24 -3 5896.55
-24 -2 5984.31
-24 -1 5978.83
-24 0 5939.86
-24 1 5914.15
-24 2 5978.54
-24 3 6045.38
-24 4 6092.56
-24 5 6051.08
-24 6 6112.86
-24 7 6252.6
-24 8 6319.59
-24 9 6309.58
-24 10 6330.95
-24 11 6402.84
-24 12 6501.38
-24 13 6465.85
-24 14 6408.62
-24 15 6444.14
-24 16 6466.73
-24 17 6443.61
-24 18 6477.66
-24 19 6482.39
-24 20 6484.64
-24 21 6505.7
-24 22 6456.38
-24 23 6397.37
-24 24 6378.5
-24 25 6360.09
-24 26 6278.86
-24 27 6207.31
-24 28 6196.92
-24 29 6219.88
-24 30 6317.96
-24 31 6188.02
-23 -31 5377.76
-23 -30 5384.09
-23 -29 5386.56
-23 -28 5452.45
-23 -27 5466.26
-23 -26 5467.05
-23 -25 5519.1
-23 -24 5611.33
-23 -23 5626.36
-23 -22 5524.22
-23 -21 5528.6
-23 -20 5593.92
-23 -19 5564.61
-23 -18 5525.87
-23 -17 5514.5
-23 -16 5488.94
-23 -15 5548.15
-23 -14 5578.75
-23 -13 5582.35
-23 -12 5514.94
-23 -11 5587.4
-23 -10 5538.2
-23 -9 5574.32
-23 -8 5594.36
-23 -7 5646.85
-23 -6 5644.54
-23 -5 5638.22
-23 -4 5643.93
-23 -3 5854.95
-23 -2 5923.62
-23 -1 5896.8
-23 0 5857.91
-23 1 5833.01
-23 2 5898.44
-23 3 5952.3
-23 4 5998.47
-23 5 5975.38
-23 6 6047.05
-23 7 6195.15
-23 8 6242.81
-23 9 6256.53
-23 10 6293.41
-23 11 6362.68
-23 12 6458.48
-23 13 6416.28
-23 14 6376.29
-23 15 6417.17
-23 16 6431.41
-23 17 6423.46
-23 18 6474.18
-23 19 6473.71
-23 20 6474.69
-23 21 6495.25
-23 22 6467.95
-23 23 6429.54
-23 24 6398.15
-23 25 6369.85
-23 26 6277.47
-23 27 6184.36
-23 28 6187.04
-23 29 6208.43
-23 30 6294.92
-23 31 6155.61
-22 -31 5324.34
-22 -30 5317.24
-22 -29 5328.76
-22 -28 5373.98
-22 -27 5385.92
-22 -26 5390.82
-22 -25 5454.13
-22 -24 5525.91
-22 -23 5539.25
-22 -22 5488.79
-22 -21 5474.73
-22 -20 5534.1
-22 -19 5521.14
-22 -18 5489.3
-22 -17 5475.24
-22 -16 5464.16
-22 -15 5525.68
-22 -14 5539.59
-22 -13 5555.42
-22 -12 5480.36
-22 -11 5559.97
-22 -10 5524.46
-22 -9 5553.99
-22 -8 5577.5
-22 -7 5617.7
-22 -6 5610.45
-22 -5 5617.61
-22 -4 5615.65
-22 -3 5816.61
-22 -2 5872.59
-22 -1 5858.22
-22 0 5821.67
-22 1 5794.28
-22 2 5860.61
-22 3 5887.08
-22 4 5937.04
-22 5 5902.97
-22 6 5975.34
-22 7 6147.11
-22 8 6168.64
-22 9 6193.97
-22 10 6230
-22 11 6310.03
-22 12 6416.89
-22 13 6352.41
-22 14 6306.87
-22 15 6359.35
-22 16 6381.26
-22 17 6376.12
-22 18 6397.88
-22 19 6405.39
-22 20 6427.69
-22 21 6449.52
-22 22 6407.8
-22 23 6377.4
-22 24 6369.8
-22 25 6324.34
-22 26 6231.2
-22 27 6155.64
-22 28 6163.84
-22 29 6197.85
-22 30 6267.46
-22 31 6123.05
-21 -31 5240.49
-21 -30 5220.76
-21 -29 5233.59
-21 -28 5242.87
-21 -27 5233.33
-21 -26 5227.33
-21 -25 5303.84
-21 -24 5381.41
-21 -23 5370.21
-21 -22 5330.03
-21 -21 5308.11
-21 -20 5367.29
-21 -19 5370.42
-21 -18 5357.62
-21 -17 5351.63
-21 -16 5336.59
-21 -15 5401.39
-21 -14 5443.14
-21 -13 5500.48
-21 -12 5430.35
-21 -11 5519.96
-21 -10 5492.83
-21 -9 5536.21
-21 -8 5568.65
-21 -7 5618.77
-21 -6 5609.95
-21 -5 5616.12
-21 -4 5640.97
-21 -3 5843.71
-21 -2 5892.73
-21 -1 5907.59
-21 0 5851.66
-21 1 5836.99
-21 2 5895.86
-21 3 5931.73
-21 4 5965.73
-21 5 5938.82
-21 6 6012.48
-21 7 6161.3
-21 8 6186.64
-21 9 6195.36
-21 10 6238.24
-21 11 6321.61
-21 12 6407.6
-21 13 6339.09
-21 14 6301.13
-21 15 6368.79
-21 16 6376.84
-21 17 6349.31
-21 18 6388.34
-21 19 6366.92
-21 20 6388.89
-21 21 6397.3
-21 22 6364.4
-21 23 6344.9
-21 24 6329.72
-21 25 6279.01
-21 26 6174.91
-21 27 6115.91
-21 28 6109.02
-21 29 6131.76
-21 30 6217.25
-21 31 6073.6
-20 -31 5211.78
-20 -30 5174.1
-20 -29 5185.21
-20 -28 5190.18
-20 -27 5173.89
-20 -26 5149.5
-20 -25 5219.41
-20 -24 5316.2
-20 -23 5304.71
-20 -22 5245.41
-20 -21 5214.24
-20 -20 5296.64
-20 -19 5284.3
-20 -18 5281.92
-20 -17 5296.99
-20 -16 5285.87
-20 -15 5340.91
-20 -14 5380.15
-20 -13 5444.75
-20 -12 5378.77
-20 -11 5470.66
-20 -10 5435.62
-20 -9 5488.26
-20 -8 5526.21
-20 -7 5569.61
-20 -6 5584.6
-20 -5 5582.84
-20 -4 5613.24
-20 -3 5833.24
-20 -2 5896.45
-20 -1 5914.02
-20 0 5871.48
-20 1 5874.65
-20 2 5921.83
-20 3 5948.41
-20 4 5954.43
-20 5 5959.47
-20 6 6039.83
-20 7 6155.39
-20 8 6160.55
-20 9 6149.06
-20 10 6212.62
-20 11 6286.51
-20 12 6366.18
-20 13 6295.74
-20 14 6242.8
-20 15 6330.96
-20 16 6323.84
-20 17 6305.81
-20 18 6354.34
-20 19 6343.35
-20 20 6394.52
-20 21 6401.74
-20 22 6389.78
-20 23 6366.39
-20 24 6339.8
-20 25 6306.98
-20 26 6210.63
-20 27 6123.88
-20 28 6106
-20 29 6145.98
-20 30 6196.63
-20 31 6042.77
-19 -31 5211.31
-19 -30 5165.7
-19 -29 5177.56
-19 -28 5188.62
-19 -27 5144.88
-19 -26 5137.12
-19 -25 5218.2
-19 -24 5277.19
-19 -23 5255.96
-19 -22 5225.29
-19 -21 5197.2
-19 -20 5287.08
-19 -19 5265.84
-19 -18 5274
-19 -17 5295.7
-19 -16 5282.54
-19 -15 5366.66
-19 -14 5407.25
-19 -13 5477.19
-19 -12 5405.97
-19 -11 5532.84
-19 -10 5478
-19 -9 5521.83
-19 -8 5558.51
-19 -7 5592.48
-19 -6 5589.25
-19 -5 5581.5
-19 -4 5604.59
-19 -3 5801.24
-19 -2 5865.63
-19 -1 5853.88
-19 0 5823.18
-19 1 5859.91
-19 2 5890.77
-19 3 5920.7
-19 4 5938.18
-19 5 5955.57
-19 6 6028.79
-19 7 6155.49
-19 8 6162.32
-19 9 6139.71
-19 10 6211.4
-19 11 6265.84
-19 12 6353.45
-19 13 6292.03
-19 14 6239.46
-19 15 6321.23
-19 16 6322.99
-19 17 6310.8
-19 18 6339.53
-19 19 6310.48
-19 20 6363.05
-19 21 6361.13
-19 22 6326.2
-19 23 6270.55
-19 24 6254.75
-19 25 6186.31
-19 26 6097.22
-19 27 6006.7
-19 28 5989.17
-19 29 6024.24
-19 30 6059.43
-19 31 5892.42
-18 -31 5126.99
-18 -30 5112.38
-18 -29 5124.76
-18 -28 5144.33
-18 -27 5115.1
-18 -26 5102.06
-18 -25 5186.22
-18 -24 5264.85
-18 -23 5221.3
-18 -22 5191.4
-18 -21 5178.62
-18 -20 5249.18
-18 -19 5206.04
-18 -18 5237.41
-18 -17 5249.44
-18 -16 5238.79
-18 -15 5339.34
-18 -14 5376.53
-18 -13 5447.44
-18 -12 5392.69
-18 -11 5511.89
-18 -10 5477.85
-18 -9 5533.61
-18 -8 5554.59
-18 -7 5593.73
-18 -6 5595.09
-18 -5 5582.14
-18 -4 5644.91
-18 -3 5818.89
-18 -2 5901.8
-18 -1 5891.91
-18 0 5863.81
-18 1 5896.78
-18 2 5929.98
-18 3 5972.75
-18 4 5991.11
-18 5 5986.43
-18 6 6045.32
-18 7 6130.45
-18 8 6150.44
-18 9 6118.21
-18 10 6177.07
-18 11 6229.76
-18 12 6310.12
-18 13 6279.75
-18 14 6269.35
-18 15 6348.47
-18 16 6357.27
-18 17 6345.17
-18 18 6402.49
-18 19 6377.1
-18 20 6437.48
-18 21 6437.13
-18 22 6391.98
-18 23 6348.67
-18 24 6320.41
-18 25 6221.62
-18 26 6138.8
-18 27 6045.96
-18 28 6008.6
-18 29 6020.22
-18 30 6035.29
-18 31 5895.24
-17 -31 5166.56
-17 -30 5149.05
-17 -29 5166.03
-17 -28 5168.38
-17 -27 5152.64
-17 -26 5107.57
-17 -25 5220.89
-17 -24 5291.52
-17 -23 5244.68
-17 -22 5213.51
-17 -21 5189.07
-17 -20 5253.53
-17 -19 5224.49
-17 -18 5277.72
-17 -17 5294
-17 -16 5279.8
-17 -15 5377.26
-17 -14 5412.54
-17 -13 5476.79
-17 -12 5438.47
-17 -11 5551.79
-17 -10 5542.23
-17 -9 5592.73
-17 -8 5600.03
-17 -7 5655.41
-17 -6 5644.59
-17 -5 5644.69
-17 -4 5724.58
-17 -3 5898.24
-17 -2 5953.24
-17 -1 5953.59
-17 0 5922.16
-17 1 5946.83
-17 2 5978.47
-17 3 6004.94
-17 4 5988.03
-17 5 5984.25
-17 6 6035.98
-17 7 6081.98
-17 8 6126.89
-17 9 6083.02
-17 10 6113.78
-17 11 6156.44
-17 12 6224.69
-17 13 6221.27
-17 14 6189.6
-17 15 6266.91
-17 16 6274.89
-17 17 6293.69
-17 18 6367.11
-17 19 6337.39
-17 20 6395.47
-17 21 6423.96
-17 22 6378.54
-17 23 6344.75
-17 24 6318.57
-17 25 6226.87
-17 26 6131.73
-17 27 6048.63
-17 28 6010.58
-17 29 6040.76
-17 30 6053.99
-17 31 5941.42
-16 -31 5620.23
-16 -30 5612.03
-16 -29 5622.62
-16 -28 5578.45
-16 -27 5541.66
-16 -26 5501.86
-16 -25 5602.11
-16 -24 5628.04
-16 -23 5516.04
-16 -22 5468.73
-16 -21 5411.21
-16 -20 5450.6
-16 -19 5398.78
-16 -18 5440.23
-16 -17 5438.42
-16 -16 5434.91
-16 -15 5538.39
-16 -14 5558.84
-16 -13 5617.42
-16 -12 5595.61
-16 -11 5724.17
-16 -10 5683.8
-16 -9 5731.06
-16 -8 5760.73
-16 -7 5776.36
-16 -6 5753.09
-16 -5 5739.73
-16 -4 5798.93
-16 -3 5958.64
-16 -2 6026.71
-16 -1 6008.27
-16 0 5969.28
-16 1 6010.41
-16 2 6028.06
-16 3 6060.89
-16 4 6060.64
-16 5 6050.46
-16 6 6083.56
-16 7 6123.18
-16 8 6208.23
-16 9 6126
-16 10 6165.19
-16 11 6210.76
-16 12 6252.9
-16 13 6215.02
-16 14 6168.41
-16 15 6214.4
-16 16 6201.84
-16 17 6233.38
-16 18 6262.07
-16 19 6234.16
-16 20 6302.12
-16 21 6315.43
-16 22 6247.71
-16 23 6200.75
-16 24 6169.62
-16 25 6067.19
-16 26 5946.02
-16 27 5882.64
-16 28 5833.06
-16 29 5856.25
-16 30 5854.34
-16 31 5753.56
-15 -31 5983.71
-15 -30 5943.91
-15 -29 5914.32
-15 -28 5846.27
-15 -27 5780.75
-15 -26 5724.48
-15 -25 5781.09
-15 -24 5760.61
-15 -23 5641.48
-15 -22 5575.49
-15 -21 5494.8
-15 -20 5492.94
-15 -19 5450.74
-15 -18 5497.95
-15 -17 5506.61
-15 -16 5519.92
-15 -15 5600.02
-15 -14 5661.45
-15 -13 5713.48
-15 -12 5698.32
-15 -11 5836.87
-15 -10 5791.62
-15 -9 5843.52
-15 -8 5850.85
-15 -7 5865.38
-15 -6 5838.9
-15 -5 5824.41
-15 -4 5882.07
-15 -3 6012.96
-15 -2 6099.34
-15 -1 6065.13
-15 0 6006.96
-15 1 6056.58
-15 2 6065.01
-15 3 6088.86
-15 4 6080.05
-15 5 6059
-15 6 6085.13
-15 7 6100.95
-15 8 6203.88
-15 9 6126.13
-15 10 6153.99
-15 11 6220.41
-15 12 6223.4
-15 13 6186.26
-15 14 6150.11
-15 15 6178.86
-15 16 6150.48
-15 17 6184.17
-15 18 6185.68
-15 19 6152.91
-15 20 6200.39
-15 21 6211.36
-15 22 6112.54
-15 23 6070.45
-15 24 6033.31
-15 25 5942.88
-15 26 5803.64
-15 27 5735.68
-15 28 5682.29
-15 29 5720.86
-15 30 5680.47
-15 31 5603.09
-14 -31 6015.27
-14 -30 5933.2
-14 -29 5883
-14 -28 5813.68
-14 -27 5724.38
-14 -26 5633.67
-14 -25 5694.26
-14 -24 5652.01
-14 -23 5535.17
-14 -22 5454.64
-14 -21 5396.27
-14 -20 5386.39
-14 -19 5356.79
-14 -18 5401.17
-14 -17 5437.41
-14 -16 5469.32
-14 -15 5552.45
-14 -14 5619.83
-14 -13 5674.76
-14 -12 5661.23
-14 -11 5798.07
-14 -10 5763.5
-14 -9 5838.44
-14 -8 5818.41
-14 -7 5879.08
-14 -6 5854.05
-14 -5 5831.01
-14 -4 5932.61
-14 -3 6064.77
-14 -2 6126.88
-14 -1 6085.87
-14 0 6058.57
-14 1 6103.17
-14 2 6103.82
-14 3 6113.5
-14 4 6103.82
-14 5 6068.46
-14 6 6093.68
-14 7 6098.69
-14 8 6210.89
-14 9 6116
-14 10 6135.19
-14 11 6215.45
-14 12 6208.13
-14 13 6189.2
-14 14 6155.58
-14 15 6173.84
-14 16 6170.26
-14 17 6214.08
-14 18 6188.24
-14 19 6164.38
-14 20 6170.5
-14 21 6199.05
-14 22 6104.91
-14 23 6082.97
-14 24 6037.45
-14 25 5950.79
-14 26 5818.67
-14 27 5760.82
-14 28 5702.26
-14 29 5748.27
-14 30 5728.89
-14 31 5661.04
-13 -31 5822.67
-13 -30 5713.02
-13 -29 5631.35
-13 -28 5549.62
-13 -27 5437.48
-13 -26 5345.87
-13 -25 5413.7
-13 -24 5404.97
-13 -23 5319.92
-13 -22 5261.38
-13 -21 5238.51
-13 -20 5250.78
-13 -19 5268.55
-13 -18 5347.98
-13 -17 5416.2
-13 -16 5466.65
-13 -15 5597.48
-13 -14 5654.5
-13 -13 5732.43
-13 -12 5751.82
-13 -11 5892.44
-13 -10 5836.92
-13 -9 5918.43
-13 -8 5890.59
-13 -7 5945.29
-13 -6 5903.75
-13 -5 5882.25
-13 -4 5983.33
-13 -3 6103.4
-13 -2 6162.76
-13 -1 6114.44
-13 0 6107.09
-13 1 6126.77
-13 2 6141.4
-13 3 6166.26
-13 4 6160.15
-13 5 6107.36
-13 6 6126.27
-13 7 6154.39
-13 8 6269.05
-13 9 6153.87
-13 10 6196.12
-13 11 6278.82
-13 12 6241.73
-13 13 6208.43
-13 14 6148.34
-13 15 6154.51
-13 16 6142.04
-13 17 6207.5
-13 18 6158.59
-13 19 6151.08
-13 20 6163.78
-13 21 6173.08
-13 22 6074.49
-13 23 6066.76
-13 24 6027.58
-13 25 5941.45
-13 26 5778.26
-13 27 5733.71
-13 28 5662.04
-13 29 5731.36
-13 30 5688.45
-13 31 5617.41
-12 -31 5539.49
-12 -30 5395.65
-12 -29 5300.46
-12 -28 5216
-12 -27 5105.46
-12 -26 5037.75
-12 -25 5119.75
-12 -24 5133.84
-12 -23 5040.06
-12 -22 5019.32
-12 -21 5032.83
-12 -20 5069.59
-12 -19 5113.31
-12 -18 5238.64
-12 -17 5339.17
-12 -16 5399.48
-12 -15 5545.85
-12 -14 5638.37
-12 -13 5709.18
-12 -12 5737.68
-12 -11 5881.16
-12 -10 5833.57
-12 -9 5917.79
-12 -8 5841.04
-12 -7 5879
-12 -6 5844.57
-12 -5 5818.78
-12 -4 5900.94
-12 -3 5991.85
-12 -2 6062.83
-12 -1 6030.95
-12 0 6041.42
-12 1 6084.68
-12 2 6100.52
-12 3 6106.93
-12 4 6096.09
-12 5 6066.93
-12 6 6092.33
-12 7 6090.02
-12 8 6202.84
-12 9 6082.29
-12 10 6149.28
-12 11 6231.18
-12 12 6185.04
-12 13 6174.13
-12 14 6132.29
-12 15 6148.82
-12 16 6159.68
-12 17 6226.19
-12 18 6182.33
-12 19 6193.13
-12 20 6179.14
-12 21 6182.08
-12 22 6090.29
-12 23 6081.25
-12 24 6029.48
-12 25 5925.92
-12 26 5775.95
-12 27 5733.8
-12 28 5653.52
-12 29 5738.16
-12 30 5704.77
-12 31 5635.74
-11 -31 5296.91
-11 -30 5127.29
-11 -29 5009.05
-11 -28 4912.47
-11 -27 4808.32
-11 -26 4738.32
-11 -25 4831.2
-11 -24 4838.46
-11 -23 4792.87
-11 -22 4784.09
-11 -21 4827.55
-11 -20 4888.48
-11 -19 4958.32
-11 -18 5102.41
-11 -17 5208.37
-11 -16 5305.08
-11 -15 5458.11
-11 -14 5578.11
-11 -13 5664.21
-11 -12 5701.46
-11 -11 5872.25
-11 -10 5823.33
-11 -9 5912.04
-11 -8 5855.75
-11 -7 5900.83
-11 -6 5850.63
-11 -5 5829.46
-11 -4 5929.71
-11 -3 6010.43
-11 -2 6041.4
-11 -1 6009.77
-11 0 6044.93
-11 1 6095.72
-11 2 6090.38
-11 3 6075.54
-11 4 6078.99
-11 5 6090.22
-11 6 6085.21
-11 7 6071.14
-11 8 6193.47
-11 9 6068.19
-11 10 6119.93
-11 11 6204.88
-11 12 6162.69
-11 13 6159.67
-11 14 6140.73
-11 15 6137.34
-11 16 6152.04
-11 17 6239.99
-11 18 6182.94
-11 19 6249.73
-11 20 6224.32
-11 21 6197.33
-11 22 6113.12
-11 23 6091.16
-11 24 6037.85
-11 25 5943.71
-11 26 5785.63
-11 27 5730.98
-11 28 5657.87
-11 29 5740.05
-11 30 5702.05
-11 31 5656.86
-10 -31 5046.47
-10 -30 4843.45
-10 -29 4712.04
-10 -28 4598.79
-10 -27 4472.72
-10 -26 4405.99
-10 -25 4482.54
-10 -24 4483.21
-10 -23 4460.43
-10 -22 4478.2
-10 -21 4552.02
-10 -20 4629.95
-10 -19 4737.98
-10 -18 4901.84
-10 -17 5062.22
-10 -16 5197.8
-10 -15 5386.3
-10 -14 5556.39
-10 -13 5669.51
-10 -12 5736.07
-10 -11 5926.44
-10 -10 5914.23
-10 -9 5997.93
-10 -8 5951.97
-10 -7 6006.96
-10 -6 5957.34
-10 -5 5968.94
-10 -4 6069.04
-10 -3 6125.53
-10 -2 6173.72
-10 -1 6138.44
-10 0 6176.25
-10 1 6218.68
-10 2 6212.92
-10 3 6193.61
-10 4 6181.64
-10 5 6199.07
-10 6 6182.86
-10 7 6179.97
-10 8 6275.25
-10 9 6149.09
-10 10 6178.67
-10 11 6271.63
-10 12 6236.04
-10 13 6216.94
-10 14 6173.69
-10 15 6193.98
-10 16 6204.2
-10 17 6271.21
-10 18 6214.5
-10 19 6292.78
-10 20 6273.29
-10 21 6206.65
-10 22 6124.48
-10 23 6109.29
-10 24 6072.74
-10 25 5993.73
-10 26 5828.2
-10 27 5762.41
-10 28 5697.7
-10 29 5769.96
-10 30 5750.09
-10 31 5695.48
-9 -31 4708.36
-9 -30 4478.55
-9 -29 4307.28
-9 -28 4194.84
-9 -27 4057.59
-9 -26 4011.16
-9 -25 4068.59
-9 -24 4069.37
-9 -23 4070.36
-9 -22 4123.08
-9 -21 4251.03
-9 -20 4350.96
-9 -19 4484.56
-9 -18 4687.66
-9 -17 4906.51
-9 -16 5063.05
-9 -15 5272.95
-9 -14 5479.53
-9 -13 5581.87
-9 -12 5682.69
-9 -11 5890.68
-9 -10 5876.26
-9 -9 5958.09
-9 -8 5920.36
-9 -7 5961.03
-9 -6 5926.02
-9 -5 5936.1
-9 -4 6048.99
-9 -3 6117.45
-9 -2 6190.36
-9 -1 6166.08
-9 0 6238.54
-9 1 6290.38
-9 2 6284.88
-9 3 6278.3
-9 4 6284.96
-9 5 6272.33
-9 6 6288.9
-9 7 6300.27
-9 8 6391.04
-9 9 6282.32
-9 10 6312.84
-9 11 6410.98
-9 12 6349.54
-9 13 6330.77
-9 14 6278.38
-9 15 6283.97
-9 16 6283.62
-9 17 6336.18
-9 18 6267.5
-9 19 6352.97
-9 20 6323.18
-9 21 6246.6
-9 22 6168.95
-9 23 6153.82
-9 24 6096.3
-9 25 6022.61
-9 26 5889.98
-9 27 5824.89
-9 28 5767.14
-9 29 5838.29
-9 30 5836.46
-9 31 5790.31
-8 -31 4347.92
-8 -30 4105.72
-8 -29 3913.04
-8 -28 3784.15
-8 -27 3633.28
-8 -26 3580.72
-8 -25 3642.38
-8 -24 3636.48
-8 -23 3677.6
-8 -22 3720.56
-8 -21 3864.98
-8 -20 4000.33
-8 -19 4166.45
-8 -18 4397.51
-8 -17 4644.26
-8 -16 4836.67
-8 -15 5084.81
-8 -14 5298.51
-8 -13 5425.23
-8 -12 5557.35
-8 -11 5781.43
-8 -10 5764.91
-8 -9 5869.86
-8 -8 5863.37
-8 -7 5904.76
-8 -6 5895.72
-8 -5 5900.82
-8 -4 5996.32
-8 -3 6059.93
-8 -2 6128.64
-8 -1 6092.82
-8 0 6170.41
-8 1 6226.32
-8 2 6243.62
-8 3 6240.38
-8 4 6253.66
-8 5 6251.3
-8 6 6264.25
-8 7 6285.97
-8 8 6383.62
-8 9 6290.1
-8 10 6296.29
-8 11 6406.88
-8 12 6366.64
-8 13 6368.39
-8 14 6302.84
-8 15 6301.73
-8 16 6301.86
-8 17 6351.05
-8 18 6280.48
-8 19 6384.35
-8 20 6351.69
-8 21 6257.98
-8 22 6176.73
-8 23 6159.11
-8 24 6129.91
-8 25 6050.7
-8 26 5939.41
-8 27 5867.26
-8 28 5839.5
-8 29 5929.98
-8 30 5913.38
-8 31 5894.36
-7 -31 4035.73
-7 -30 3786.65
-7 -29 3575.02
-7 -28 3428.05
-7 -27 3276.66
-7 -26 3220.5
-7 -25 3268.73
-7 -24 3261.2
-7 -23 3326.09
-7 -22 3392.2
-7 -21 3559.21
-7 -20 3724.07
-7 -19 3922.65
-7 -18 4205.23
-7 -17 4477.23
-7 -16 4724.18
-7 -15 5000.49
-7 -14 5253.93
-7 -13 5402.93
-7 -12 5561.12
-7 -11 5794.07
-7 -10 5800.15
-7 -9 5921.9
-7 -8 5911.92
-7 -7 5970.12
-7 -6 5961.12
-7 -5 5940.23
-7 -4 6050.11
-7 -3 6084.66
-7 -2 6154.62
-7 -1 6101.88
-7 0 6172.41
-7 1 6209.34
-7 2 6237.4
-7 3 6215.05
-7 4 6221.16
-7 5 6235.06
-7 6 6255.43
-7 7 6268.35
-7 8 6358.66
-7 9 6239.68
-7 10 6241.43
-7 11 6379.11
-7 12 6337.16
-7 13 6359.22
-7 14 6302.31
-7 15 6317.24
-7 16 6336.44
-7 17 6373.95
-7 18 6315.98
-7 19 6429.65
-7 20 6403.25
-7 21 6307.13
-7 22 6226.67
-7 23 6193.56
-7 24 6198.02
-7 25 6119.66
-7 26 6019.24
-7 27 5969.34
-7 28 5959.39
-7 29 6048.13
-7 30 6040.44
-7 31 6022.84
-6 -31 3681.02
-6 -30 3422.96
-6 -29 3200.13
-6 -28 3044.16
-6 -27 2907.23
-6 -26 2872.69
-6 -25 2944.27
-6 -24 2964.14
-6 -23 3029.9
-6 -22 3130.72
-6 -21 3340.99
-6 -20 3540.89
-6 -19 3751.41
-6 -18 4076.94
-6 -17 4387.94
-6 -16 4665.01
-6 -15 4960.03
-6 -14 5235.52
-6 -13 5380.75
-6 -12 5589.32
-6 -11 5806.93
-6 -10 5818.13
-6 -9 5952.95
-6 -8 5958.29
-6 -7 5995.7
-6 -6 5963.99
-6 -5 5952.91
-6 -4 6064.72
-6 -3 6078.36
-6 -2 6143.99
-6 -1 6089.62
-6 0 6166.38
-6 1 6200.66
-6 2 6218.53
-6 3 6161.3
-6 4 6181.17
-6 5 6214.63
-6 6 6229.39
-6 7 6243.75
-6 8 6325.34
-6 9 6221.38
-6 10 6225.92
-6 11 6365.33
-6 12 6319.23
-6 13 6361.54
-6 14 6333.02
-6 15 6337.95
-6 16 6363.43
-6 17 6415.62
-6 18 6349.52
-6 19 6499.46
-6 20 6466.56
-6 21 6374.59
-6 22 6291.26
-6 23 6280.73
-6 24 6282.8
-6 25 6218.07
-6 26 6112.2
-6 27 6070.38
-6 28 6055.51
-6 29 6120.46
-6 30 6074.72
-6 31 6070.1
-5 -31 3238.36
-5 -30 2978.3
-5 -29 2741.26
-5 -28 2575.87
-5 -27 2445.56
-5 -26 2411.71
-5 -25 2485.1
-5 -24 2516.39
-5 -23 2632.16
-5 -22 2751.45
-5 -21 2980.96
-5 -20 3209.18
-5 -19 3473.7
-5 -18 3810.03
-5 -17 4153.43
-5 -16 4473.19
-5 -15 4792.28
-5 -14 5086.49
-5 -13 5249.35
-5 -12 5466.13
-5 -11 5684.98
-5 -10 5729.92
-5 -9 5898.16
-5 -8 5910.05
-5 -7 5960.06
-5 -6 5938.7
-5 -5 5943.47
-5 -4 6051.95
-5 -3 6058.39
-5 -2 6123.16
-5 -1 6108.14
-5 0 6183.3
-5 1 6211.32
-5 2 6248.17
-5 3 6205.88
-5 4 6237.57
-5 5 6266
-5 6 6308.05
-5 7 6349.79
-5 8 6421.51
-5 9 6328.19
-5 10 6357.46
-5 11 6502.56
-5 12 6453.76
-5 13 6481.16
-5 14 6428.9
-5 15 6446.95
-5 16 6464.57
-5 17 6484.64
-5 18 6416.37
-5 19 6590.02
-5 20 6553.55
-5 21 6423.41
-5 22 6353.38
-5 23 6359.11
-5 24 6364.91
-5 25 6300.68
-5 26 6201.97
-5 27 6159.91
-5 28 6146.58
-5 29 6201.13
-5 30 6162.01
-5 31 6130.99
-4 -31 2884.89
-4 -30 2612.8
-4 -29 2358.62
-4 -28 2180.16
-4 -27 2047.93
-4 -26 2013.6
-4 -25 2078.15
-4 -24 2118.61
-4 -23 2251.03
-4 -22 2415.21
-4 -21 2658.24
-4 -20 2892.13
-4 -19 3217.29
-4 -18 3574.64
-4 -17 3938.58
-4 -16 4292.74
-4 -15 4626.04
-4 -14 4947.16
-4 -13 5163.49
-4 -12 5390.66
-4 -11 5584.41
-4 -10 5666.22
-4 -9 5885.16
-4 -8 5877.65
-4 -7 5926.15
-4 -6 5906.89
-4 -5 5904.58
-4 -4 6033.41
-4 -3 6030.86
-4 -2 6122
-4 -1 6110.98
-4 0 6190.06
-4 1 6246.14
-4 2 6313.03
-4 3 6259.65
-4 4 6300.78
-4 5 6360.66
-4 6 6414.82
-4 7 6441.98
-4 8 6498.26
-4 9 6431.03
-4 10 6450.89
-4 11 6587.03
-4 12 6528.15
-4 13 6549.89
-4 14 6487.14
-4 15 6478.25
-4 16 6488.34
-4 17 6488.65
-4 18 6383.94
-4 19 6524.41
-4 20 6467.48
-4 21 6327.82
-4 22 6252.81
-4 23 6254.34
-4 24 6263
-4 25 6200.62
-4 26 6139.79
-4 27 6098.13
-4 28 6114.59
-4 29 6186.87
-4 30 6188.16
-4 31 6169.46
-3 -31 2441.75
-3 -30 2160.68
-3 -29 1913.22
-3 -28 1736.81
-3 -27 1597.02
-3 -26 1562.64
-3 -25 1633.2
-3 -24 1710.02
-3 -23 1840.45
-3 -22 2044.32
-3 -21 2339.63
-3 -20 2626.56
-3 -19 2978.7
-3 -18 3382.34
-3 -17 3781.04
-3 -16 4172.82
-3 -15 4520.24
-3 -14 4844.5
-3 -13 5080.98
-3 -12 5323.37
-3 -11 5530.44
-3 -10 5574.34
-3 -9 5829.34
-3 -8 5842.28
-3 -7 5896.68
-3 -6 5860.48
-3 -5 5868.55
-3 -4 6004.82
-3 -3 5989.04
-3 -2 6094.55
-3 -1 6071.13
-3 0 6139.64
-3 1 6213.04
-3 2 6283.46
-3 3 6240.96
-3 4 6285.91
-3 5 6376.57
-3 6 6457.24
-3 7 6488.79
-3 8 6528.9
-3 9 6488.89
-3 10 6532.15
-3 11 6673.36
-3 12 6615.04
-3 13 6622.29
-3 14 6577.71
-3 15 6586.71
-3 16 6575.78
-3 17 6557.21
-3 18 6445.79
-3 19 6589.57
-3 20 6527.12
-3 21 6382.57
-3 22 6307.55
-3 23 6315.24
-3 24 6320.73
-3 25 6259.52
-3 26 6190.82
-3 27 6135.46
-3 28 6152.55
-3 29 6224.87
-3 30 6193.88
-3 31 6188.92
-2 -31 1753.11
-2 -30 1451.24
-2 -29 1199.49
-2 -28 1026.38
-2 -27 911.93
-2 -26 892
-2 -25 957.078
-2 -24 1072.78
-2 -23 1267.45
-2 -22 1519.7
-2 -21 1841.34
-2 -20 2196.11
-2 -19 2596.61
-2 -18 3055.02
-2 -17 3491.13
-2 -16 3914.61
-2 -15 4316.14
-2 -14 4688.98
-2 -13 4948.7
-2 -12 5213.24
-2 -11 5422.57
-2 -10 5484.04
-2 -9 5734.68
-2 -8 5752.09
-2 -7 5765.75
-2 -6 5741.04
-2 -5 5775.16
-2 -4 5901.44
-2 -3 5918.03
-2 -2 6021.67
-2 -1 6002.74
-2 0 6065.84
-2 1 6141.09
-2 2 6228.2
-2 3 6188.22
-2 4 6257.96
-2 5 6357.75
-2 6 6465.7
-2 7 6520.69
-2 8 6577.38
-2 9 6549.07
-2 10 6622.14
-2 11 6722.25
-2 12 6671.44
-2 13 6713.91
-2 14 6662.77
-2 15 6661.77
-2 16 6692.77
-2 17 6658.99
-2 18 6554.69
-2 19 6692.32
-2 20 6633.71
-2 21 6474.22
-2 22 6394.59
-2 23 6393.15
-2 24 6388.09
-2 25 6336.23
-2 26 6268.89
-2 27 6204.74
-2 28 6191.91
-2 29 6253.99
-2 30 6235.04
-2 31 6194.87
-1 -31 1243.61
-1 -30 969.43
-1 -29 737.59
-1 -28 578.695
-1 -27 474.688
-1 -26 470.152
-1 -25 570.988
-1 -24 709.516
-1 -23 921.492
-1 -22 1210.13
-1 -21 1567.43
-1 -20 1956.53
-1 -19 2395.29
-1 -18 2873.59
-1 -17 3338.89
-1 -16 3795.17
-1 -15 4231.56
-1 -14 4605.34
-1 -13 4920.27
-1 -12 5201.19
-1 -11 5404
-1 -10 5494
-1 -9 5767.59
-1 -8 5776.93
-1 -7 5811.68
-1 -6 5765.55
-1 -5 5801.7
-1 -4 5930.28
-1 -3 5959.94
-1 -2 6018.38
-1 -1 6018.19
-1 0 6073.7
-1 1 6147.31
-1 2 6223.47
-1 3 6181.22
-1 4 6245.65
-1 5 6323.06
-1 6 6431.25
-1 7 6487.33
-1 8 6499.8
-1 9 6494.67
-1 10 6566.38
-1 11 6650.77
-1 12 6618.61
-1 13 6662.34
-1 14 6638.85
-1 15 6632.29
-1 16 6680.75
-1 17 6633.34
-1 18 6547.55
-1 19 6682.29
-1 20 6611.16
-1 21 6447.52
-1 22 6370.92
-1 23 6368.62
-1 24 6356.21
-1 25 6297.39
-1 26 6228.17
-1 27 6160.77
-1 28 6160.33
-1 29 6211.5
-1 30 6186.11
-1 31 6141.97
0 -31 910.598
0 -30 667.625
0 -29 474.383
0 -28 334.434
0 -27 255.957
0 -26 264.758
0 -25 382.594
0 -24 558.098
0 -23 791.098
0 -22 1092.12
0 -21 1463.59
0 -20 1872.62
0 -19 2324.64
0 -18 2825.71
0 -17 3262.46
0 -16 3740.84
0 -15 4182.5
0 -14 4565.14
0 -13 4882.36
0 -12 5183.04
0 -11 5410.83
0 -10 5503.87
0 -9 5820.31
0 -8 5835.7
0 -7 5880.16
0 -6 5869.82
0 -5 5897.96
0 -4 6037.6
0 -3 6056.4
0 -2 6122.38
0 -1 6125.39
0 0 6115.79
0 1 6224.73
0 2 6320
0 3 6250.27
0 4 6315.99
0 5 6386.23
0 6 6484.52
0 7 6523.81
0 8 6517.04
0 9 6544.12
0 10 6614.21
0 11 6685.27
0 12 6650.61
0 13 6674.64
0 14 6653.26
0 15 6645.74
0 16 6665.87
0 17 6603.07
0 18 6526.01
0 19 6648.7
0 20 6582.87
0 21 6404.12
0 22 6319.7
0 23 6321.23
0 24 6314.29
0 25 6223.92
0 26 6159.07
0 27 6081.79
0 28 6085.61
0 29 6151.93
0 30 6117.45
0 31 6087.57
1 -31 652.426
1 -30 416.559
1 -29 229.973
1 -28 107.496
1 -27 67.5391
1 -26 111.668
1 -25 248.23
1 -24 460.266
1 -23 723.137
1 -22 1058.84
1 -21 1457.91
1 -20 1876.86
1 -19 2345.63
1 -18 2853.3
1 -17 3291.03
1 -16 3749.97
1 -15 4165.44
1 -14 4567.91
1 -13 4878.53
1 -12 5158.31
1 -11 5360.28
1 -10 5448.68
1 -9 5741.6
1 -8 5738.02
1 -7 5772.08
1 -6 5761.07
1 -5 5763.26
1 -4 5890.03
1 -3 5917.74
1 -2 5978.42
1 -1 5983.53
1 0 5990.21
1 1 6062.71
1 2 6164.71
1 3 6127.52
1 4 6210.1
1 5 6288.62
1 6 6387.71
1 7 6430.37
1 8 6433.77
1 9 6463.54
1 10 6542.47
1 11 6587.98
1 12 6595
1 13 6633.83
1 14 6626.2
1 15 6635.08
1 16 6677
1 17 6632.52
1 18 6584.86
1 19 6688.78
1 20 6640.2
1 21 6481.07
1 22 6406.82
1 23 6393.51
1 24 6376.05
1 25 6309.11
1 26 6262.28
1 27 6178.09
1 28 6175.5
1 29 6239.16
1 30 6202.62
1 31 6160.18
2 -31 624.992
2 -30 408.594
2 -29 227.883
2 -28 137.523
2 -27 96.957
2 -26 166.191
2 -25 320.523
2 -24 546.402
2 -23 796.547
2 -22 1143.16
2 -21 1529.77
2 -20 1954.56
2 -19 2417.39
2 -18 2877.75
2 -17 3280.04
2 -16 3718.52
2 -15 4102.3
2 -14 4443.22
2 -13 4746.22
2 -12 4980.63
2 -11 5170.21
2 -10 5234.47
2 -9 5517
2 -8 5502.39
2 -7 5540.86
2 -6 5494.34
2 -5 5500.2
2 -4 5639.18
2 -3 5699.28
2 -2 5766.8
2 -1 5778.91
2 0 5786.55
2 1 5883
2 2 5987.65
2 3 5960.06
2 4 6060.12
2 5 6129.43
2 6 6228.23
2 7 6273.92
2 8 6279.05
2 9 6331.24
2 10 6432.52
2 11 6476.12
2 12 6495.19
2 13 6547.28
2 14 6555.21
2 15 6590.63
2 16 6616.47
2 17 6572.4
2 18 6554.36
2 19 6644.82
2 20 6625.4
2 21 6445.15
2 22 6377.92
2 23 6386.65
2 24 6327.4
2 25 6264.11
2 26 6220.97
2 27 6137.07
2 28 6145.69
2 29 6169.48
2 30 6114.02
2 31 6050.61
3 -31 799.133
3 -30 595.512
3 -29 429.211
3 -28 372.5
3 -27 340.219
3 -26 413.441
3 -25 559.539
3 -24 778.016
3 -23 1022.39
3 -22 1358.11
3 -21 1718.51
3 -20 2140.93
3 -19 2569.47
3 -18 3010.46
3 -17 3376.21
3 -16 3805.39
3 -15 4148.46
3 -14 4451.57
3 -13 4741.68
3 -12 4935.64
3 -11 5108.44
3 -10 5172.14
3 -9 5442.29
3 -8 5450.59
3 -7 5510.26
3 -6 5483.6
3 -5 5487.98
3 -4 5652.39
3 -3 5713.84
3 -2 5777.89
3 -1 5790.55
3 0 5777.57
3 1 5860.15
3 2 5973.95
3 3 5938.51
3 4 6046.87
3 5 6068.71
3 6 6153.8
3 7 6210.14
3 8 6231.13
3 9 6286.49
3 10 6387.15
3 11 6416.71
3 12 6440.29
3 13 6487.43
3 14 6497.66
3 15 6544.66
3 16 6546.48
3 17 6495.52
3 18 6483.24
3 19 6546.96
3 20 6533.47
3 21 6380.8
3 22 6298.41
3 23 6295.07
3 24 6251.2
3 25 6186.73
3 26 6112.01
3 27 6069.56
3 28 6067.1
3 29 6084.66
3 30 6027.29
3 31 5967.3
4 -31 1087.76
4 -30 887.34
4 -29 731.785
4 -28 674.863
4 -27 649.152
4 -26 732.652
4 -25 884.793
4 -24 1068.02
4 -23 1293.5
4 -22 1624.72
4 -21 1973.2
4 -20 2383.23
4 -19 2767.46
4 -18 3170.15
4 -17 3504.96
4 -16 3885.83
4 -15 4183.16
4 -14 4461.02
4 -13 4703.41
4 -12 4875.38
4 -11 4999.57
4 -10 5051.81
4 -9 5292.05
4 -8 5299.3
4 -7 5337.21
4 -6 5323.12
4 -5 5338.68
4 -4 5476.32
4 -3 5544.91
4 -2 5616.65
4 -1 5635.17
4 0 5646.29
4 1 5709.99
4 2 5814.74
4 3 5804.26
4 4 5932.8
4 5 5960.88
4 6 6044.91
4 7 6084.95
4 8 6129.89
4 9 6203.93
4 10 6318.18
4 11 6322.38
4 12 6345.89
4 13 6416.29
4 14 6437.24
4 15 6473.89
4 16 6473.72
4 17 6450.32
4 18 6451.89
4 19 6489.96
4 20 6454.38
4 21 6347.23
4 22 6278.4
4 23 6264.81
4 24 6168.41
4 25 6125.08
4 26 6064.45
4 27 6044.26
4 28 6036.51
4 29 6059.16
4 30 6024.81
4 31 5967.25
5 -31 1316.11
5 -30 1152.65
5 -29 1021.46
5 -28 968.801
5 -27 957.066
5 -26 1069.05
5 -25 1248.57
5 -24 1438.36
5 -23 1646.84
5 -22 1968.09
5 -21 2280.66
5 -20 2688.45
5 -19 3052.75
5 -18 3405.7
5 -17 3677.8
5 -16 4026.59
5 -15 4279.24
5 -14 4514.47
5 -13 4709.76
5 -12 4842.11
5 -11 4949.86
5 -10 4998.12
5 -9 5209.64
5 -8 5200.72
5 -7 5235.29
5 -6 5221.57
5 -5 5218.75
5 -4 5387.12
5 -3 5453.49
5 -2 5518.4
5 -1 5524.49
5 0 5535.61
5 1 5584.37
5 2 5667.22
5 3 5677.28
5 4 5800.43
5 5 5810.62
5 6 5910.91
5 7 5942.7
5 8 5988.98
5 9 6053.26
5 10 6176.27
5 11 6171.06
5 12 6176.91
5 13 6243.52
5 14 6266.95
5 15 6296.85
5 16 6321.13
5 17 6302.59
5 18 6296.25
5 19 6321.2
5 20 6330.53
5 21 6246.68
5 22 6186.63
5 23 6202.12
5 24 6131.55
5 25 6104.14
5 26 6069.91
5 27 6055.15
5 28 6068.08
5 29 6111.54
5 30 6053.1
5 31 5997.12
6 -31 1597.27
6 -30 1466.35
6 -29 1359.66
6 -28 1317.27
6 -27 1334.21
6 -26 1462.64
6 -25 1645.04
6 -24 1836.36
6 -23 2024.07
6 -22 2338.38
6 -21 2629.07
6 -20 3012.8
6 -19 3359.9
6 -18 3679.43
6 -17 3922.87
6 -16 4229.15
6 -15 4449.88
6 -14 4658.49
6 -13 4838.92
6 -12 4931.8
6 -11 5006.35
6 -10 5054.34
6 -9 5249.26
6 -8 5223.54
6 -7 5231.48
6 -6 5183.28
6 -5 5172.09
6 -4 5363.86
6 -3 5405.46
6 -2 5452.47
6 -1 5458.86
6 0 5450.43
6 1 5470.99
6 2 5548.04
6 3 5545.82
6 4 5630.94
6 5 5639.79
6 6 5734.46
6 7 5767.46
6 8 5822
6 9 5910.34
6 10 6040.83
6 11 6057.02
6 12 6090.74
6 13 6137.38
6 14 6166.38
6 15 6222.06
6 16 6238.64
6 17 6220.12
6 18 6207.61
6 19 6254.58
6 20 6249.35
6 21 6191.18
6 22 6141.26
6 23 6133.62
6 24 6056.66
6 25 6018.13
6 26 5943.45
6 27 5927.02
6 28 5939.25
6 29 5979.11
6 30 5897.32
6 31 5849.8
7 -31 1906.99
7 -30 1794.96
7 -29 1731.92
7 -28 1695.41
7 -27 1705.53
7 -26 1843.64
7 -25 2028.38
7 -24 2224.76
7 -23 2400.01
7 -22 2686.95
7 -21 2958.95
7 -20 3317.64
7 -19 3618.43
7 -18 3899.12
7 -17 4128.6
7 -16 4388.93
7 -15 4564.71
7 -14 4736.38
7 -13 4882.84
7 -12 4947.52
7 -11 4993.44
7 -10 4995.53
7 -9 5157.36
7 -8 5143.36
7 -7 5149.86
7 -6 5067.81
7 -5 5091.1
7 -4 5318.91
7 -3 5352.13
7 -2 5395.14
7 -1 5399.36
7 0 5391.57
7 1 5427.69
7 2 5505.27
7 3 5487.49
7 4 5577.77
7 5 5603.4
7 6 5668.42
7 7 5677.3
7 8 5741.51
7 9 5826.08
7 10 5944.68
7 11 5945.02
7 12 5994.4
7 13 6048.14
7 14 6069.52
7 15 6120.2
7 16 6116.7
7 17 6130.29
7 18 6117.89
7 19 6138.12
7 20 6163.99
7 21 6115.44
7 22 6069.53
7 23 6032.76
7 24 5938.97
7 25 5895.82
7 26 5828.74
7 27 5805.23
7 28 5790.93
7 29 5825.8
7 30 5788.08
7 31 5716.59
8 -31 2256.59
8 -30 2161.39
8 -29 2117.82
8 -28 2071.08
8 -27 2089.64
8 -26 2239.03
8 -25 2428.27
8 -24 2611.99
8 -23 2754.57
8 -22 3045.55
8 -21 3267.98
8 -20 3601.06
8 -19 3881.67
8 -18 4133.35
8 -17 4319.86
8 -16 4539.17
8 -15 4687.85
8 -14 4832.55
8 -13 4945.05
8 -12 4993.04
8 -11 5008.87
8 -10 5015.9
8 -9 5158.42
8 -8 5121.21
8 -7 5145.2
8 -6 5090.08
8 -5 5131.99
8 -4 5336.23
8 -3 5384.94
8 -2 5433.03
8 -1 5431.44
8 0 5412.29
8 1 5447.4
8 2 5505.55
8 3 5513.82
8 4 5585.08
8 5 5585.52
8 6 5631.11
8 7 5667.63
8 8 5720.82
8 9 5788.04
8 10 5910.11
8 11 5913.13
8 12 5962.9
8 13 6004.55
8 14 6013.65
8 15 6072.95
8 16 6079.75
8 17 6090.34
8 18 6069.56
8 19 6066.43
8 20 6110.45
8 21 6048.48
8 22 6002.25
8 23 5962.93
8 24 5879.5
8 25 5806.61
8 26 5750.21
8 27 5735.85
8 28 5732.29
8 29 5752.76
8 30 5743.72
8 31 5670.83
9 -31 2619.48
9 -30 2553.11
9 -29 2507.66
9 -28 2479.74
9 -27 2515.48
9 -26 2662.66
9 -25 2839.84
9 -24 3011.44
9 -23 3153.71
9 -22 3436.78
9 -21 3618.53
9 -20 3910.38
9 -19 4155.56
9 -18 4403.62
9 -17 4523.37
9 -16 4726.92
9 -15 4820.19
9 -14 4938.08
9 -13 5021.86
9 -12 5042.01
9 -11 5045.25
9 -10 5060.71
9 -9 5151.43
9 -8 5114.03
9 -7 5128.95
9 -6 5062.89
9 -5 5097.39
9 -4 5297.69
9 -3 5331.82
9 -2 5366.94
9 -1 5335.4
9 0 5295.24
9 1 5305.05
9 2 5361.12
9 3 5368.9
9 4 5424.71
9 5 5422.73
9 6 5422.18
9 7 5478.59
9 8 5529.39
9 9 5619.1
9 10 5754.56
9 11 5745.65
9 12 5781.73
9 13 5845.29
9 14 5879.07
9 15 5919.47
9 16 5932.86
9 17 5939.99
9 18 5919.02
9 19 5898.55
9 20 5944.65
9 21 5913.63
9 22 5880.79
9 23 5824.93
9 24 5739.87
9 25 5674.66
9 26 5626.81
9 27 5627.97
9 28 5643.5
9 29 5665.79
9 30 5679.85
9 31 5644.62
10 -31 3024.9
10 -30 2966.26
10 -29 2939.8
10 -28 2908.3
10 -27 2935.32
10 -26 3070.54
10 -25 3267.02
10 -24 3415.3
10 -23 3530.68
10 -22 3811.35
10 -21 3982.16
10 -20 4252.14
10 -19 4471.01
10 -18 4674.95
10 -17 4784.34
10 -16 4976.04
10 -15 5056.35
10 -14 5137.53
10 -13 5213.73
10 -12 5227.47
10 -11 5206.71
10 -10 5227.37
10 -9 5271.9
10 -8 5250.32
10 -7 5265.72
10 -6 5154.93
10 -5 5184.25
10 -4 5376.11
10 -3 5375.57
10 -2 5383.62
10 -1 5347.74
10 0 5297.52
10 1 5279.82
10 2 5335.92
10 3 5323.14
10 4 5357.08
10 5 5372.7
10 6 5348.2
10 7 5399.79
10 8 5456.32
10 9 5521.8
10 10 5658
10 11 5640.22
10 12 5674.66
10 13 5741.18
10 14 5773.01
10 15 5814.21
10 16 5835.48
10 17 5835.11
10 18 5848.24
10 19 5847.62
10 20 5895.72
10 21 5847.99
10 22 5833.65
10 23 5762.1
10 24 5657.33
10 25 5603.39
10 26 5550.82
10 27 5537.71
10 28 5567.95
10 29 5603.63
10 30 5600.95
10 31 5569.6
11 -31 3424.09
11 -30 3391.09
11 -29 3379.89
11 -28 3350.09
11 -27 3404.29
11 -26 3508.52
11 -25 3675.01
11 -24 3804.82
11 -23 3914.71
11 -22 4157.6
11 -21 4292
11 -20 4535.74
11 -19 4739.84
11 -18 4896.27
11 -17 4967.53
11 -16 5146.68
11 -15 5210.34
11 -14 5249.13
11 -13 5294.31
11 -12 5276.89
11 -11 5255.12
11 -10 5271.67
11 -9 5325.71
11 -8 5279.84
11 -7 5312.01
11 -6 5227.36
11 -5 5271.54
11 -4 5462.12
11 -3 5464.45
11 -2 5467.57
11 -1 5454.24
11 0 5396.47
11 1 5359.77
11 2 5404.85
11 3 5415.66
11 4 5435.05
11 5 5421.68
11 6 5374.36
11 7 5409.55
11 8 5466.71
11 9 5527.27
11 10 5654.9
11 11 5638.86
11 12 5678.62
11 13 5738.01
11 14 5780.22
11 15 5810.45
11 16 5853.43
11 17 5863.7
11 18 5866.86
11 19 5853.3
11 20 5944.82
11 21 5895.32
11 22 5894.27
11 23 5828.95
11 24 5734.9
11 25 5667.14
11 26 5622.78
11 27 5617.98
11 28 5624.55
11 29 5650
11 30 5611.89
11 31 5568.52
12 -31 3842.14
12 -30 3818.41
12 -29 3847
12 -28 3823.5
12 -27 3878.08
12 -26 3974.06
12 -25 4149.08
12 -24 4253.27
12 -23 4318.15
12 -22 4543.88
12 -21 4622.4
12 -20 4830.43
12 -19 5003.26
12 -18 5133.62
12 -17 5166.25
12 -16 5291.4
12 -15 5312.19
12 -14 5326.4
12 -13 5358.59
12 -12 5301.93
12 -11 5268.67
12 -10 5295.48
12 -9 5351.56
12 -8 5295.46
12 -7 5322.85
12 -6 5233.86
12 -5 5266.79
12 -4 5459.26
12 -3 5454.9
12 -2 5452.73
12 -1 5411.96
12 0 5374.33
12 1 5337.19
12 2 5385.79
12 3 5397.3
12 4 5404.57
12 5 5386.82
12 6 5348.79
12 7 5399.52
12 8 5449.29
12 9 5502.18
12 10 5635.14
12 11 5615.77
12 12 5661.02
12 13 5712.77
12 14 5770.03
12 15 5774.69
12 16 5798.66
12 17 5794.78
12 18 5810.63
12 19 5791.67
12 20 5891.54
12 21 5853.69
12 22 5866.86
12 23 5790.79
12 24 5719.36
12 25 5638.62
12 26 5592.09
12 27 5604.91
12 28 5612.59
12 29 5607.27
12 30 5590.33
12 31 5564.3
13 -31 4257.75
13 -30 4257.65
13 -29 4287.71
13 -28 4261.97
13 -27 4304.44
13 -26 4404.92
13 -25 4560.92
13 -24 4644.48
13 -23 4712.48
13 -22 4904.11
13 -21 4931.52
13 -20 5128.38
13 -19 5266.14
13 -18 5341.52
13 -17 5338.45
13 -16 5482.92
13 -15 5440.43
13 -14 5422.02
13 -13 5409.54
13 -12 5355.12
13 -11 5297.16
13 -10 5293.45
13 -9 5307.53
13 -8 5267.21
13 -7 5294.3
13 -6 5185.69
13 -5 5242.43
13 -4 5424.42
13 -3 5395.44
13 -2 5416.05
13 -1 5372.15
13 0 5334.18
13 1 5312.43
13 2 5378.42
13 3 5389.23
13 4 5392.95
13 5 5413.44
13 6 5369.58
13 7 5443.87
13 8 5492.76
13 9 5552.59
13 10 5681.82
13 11 5653.31
13 12 5709.98
13 13 5764.62
13 14 5814.06
13 15 5841.32
13 16 5842.3
13 17 5845.21
13 18 5868.56
13 19 5844.27
13 20 5896.43
13 21 5884.69
13 22 5929.38
13 23 5817.76
13 24 5750.03
13 25 5708.39
13 26 5656.47
13 27 5674.06
13 28 5701.89
13 29 5696.08
13 30 5694.58
13 31 5682.29
14 -31 4669.6
14 -30 4658.96
14 -29 4715.43
14 -28 4705.1
14 -27 4739.7
14 -26 4816.41
14 -25 4970.8
14 -24 5020.85
14 -23 5062.21
14 -22 5217.23
14 -21 5222.38
14 -20 5388.08
14 -19 5491.33
14 -18 5547.95
14 -17 5512.59
14 -16 5644.91
14 -15 5567.26
14 -14 5529.63
14 -13 5498.64
14 -12 5415.98
14 -11 5359.96
14 -10 5354.49
14 -9 5349.07
14 -8 5316.11
14 -7 5344.43
14 -6 5216.91
14 -5 5277.64
14 -4 5442.96
14 -3 5395.94
14 -2 5392.78
14 -1 5348.92
14 0 5321.36
14 1 5270.05
14 2 5351.3
14 3 5362.52
14 4 5371.99
14 5 5410.1
14 6 5364.11
14 7 5449.31
14 8 5499
14 9 5552.53
14 10 5693.54
14 11 5659.95
14 12 5723.75
14 13 5790.32
14 14 5840.32
14 15 5861.53
14 16 5903.7
14 17 5912.53
14 18 5904.55
14 19 5900.19
14 20 5947.16
14 21 5910.93
14 22 5937.07
14 23 5883.93
14 24 5799.83
14 25 5747.36
14 26 5726.84
14 27 5758.93
14 28 5777.79
14 29 5793.07
14 30 5787.56
14 31 5768.67
15 -31 4999.64
15 -30 5022.19
15 -29 5081.33
15 -28 5059.07
15 -27 5089.13
15 -26 5179.54
15 -25 5293.09
15 -24 5311.63
15 -23 5341.92
15 -22 5476.8
15 -21 5450.81
15 -20 5587.51
15 -19 5651.85
15 -18 5669.45
15 -17 5608.86
15 -16 5733.3
15 -15 5656.03
15 -14 5578.44
15 -13 5577.46
15 -12 5501.03
15 -11 5459.96
15 -10 5441.69
15 -9 5443.5
15 -8 5409.32
15 -7 5408.1
15 -6 5261.99
15 -5 5319.12
15 -4 5461.64
15 -3 5413.35
15 -2 5383.33
15 -1 5333.41
15 0 5301.22
15 1 5261.12
15 2 5353.14
15 3 5361.04
15 4 5353.61
15 5 5427.77
15 6 5373.79
15 7 5453.05
15 8 5513.79
15 9 5547.64
15 10 5700.1
15 11 5689
15 12 5741.71
15 13 5797.86
15 14 5862.33
15 15 5877.12
15 16 5892.43
15 17 5893.15
15 18 5888.28
15 19 5856.98
15 20 5912.79
15 21 5896.04
15 22 5908.25
15 23 5849.86
15 24 5783.08
15 25 5731.35
15 26 5706.84
15 27 5726.31
15 28 5758.32
15 29 5786.88
15 30 5765.09
15 31 5766.7
16 -31 5239.24
16 -30 5306.07
16 -29 5383.05
16 -28 5374.65
16 -27 5393.13
16 -26 5466.5
16 -25 5592.23
16 -24 5596.25
16 -23 5614.42
16 -22 5719.71
16 -21 5671.79
16 -20 5800.09
16 -19 5860.04
16 -18 5848.38
16 -17 5793.33
16 -16 5927.27
16 -15 5848.91
16 -14 5759.29
16 -13 5758.02
16 -12 5648.4
16 -11 5624.52
16 -10 5587.12
16 -9 5567.64
16 -8 5540.07
16 -7 5559.01
16 -6 5379.12
16 -5 5449.82
16 -4 5600.78
16 -3 5532.72
16 -2 5467.13
16 -1 5421.91
16 0 5416.95
16 1 5358.52
16 2 5438.13
16 3 5453.57
16 4 5405.79
16 5 5498.03
16 6 5473.58
16 7 5562.2
16 8 5601.39
16 9 5625.2
16 10 5773.29
16 11 5759.31
16 12 5815.98
16 13 5862.4
16 14 5899.66
16 15 5922.34
16 16 5908.08
16 17 5860.34
16 18 5867.7
16 19 5811.14
16 20 5823.67
16 21 5797.38
16 22 5824.17
16 23 5743.68
16 24 5682.55
16 25 5658.16
16 26 5648.75
16 27 5653.57
16 28 5676.54
16 29 5722.24
16 30 5731.42
16 31 5742.6
17 -31 5269.74
17 -30 5323.68
17 -29 5393.37
17 -28 5385.36
17 -27 5427.93
17 -26 5491.7
17 -25 5607.58
17 -24 5617.49
17 -23 5634.29
17 -22 5741.29
17 -21 5693.51
17 -20 5801.12
17 -19 5852.92
17 -18 5853.67
17 -17 5831.01
17 -16 5965.86
17 -15 5906.42
17 -14 5835.79
17 -13 5855.38
17 -12 5766.18
17 -11 5750.48
17 -10 5714.54
17 -9 5698.11
17 -8 5707.71
17 -7 5715.83
17 -6 5551.96
17 -5 5599.54
17 -4 5716.4
17 -3 5621.32
17 -2 5587.96
17 -1 5519.41
17 0 5512.26
17 1 5476.31
17 2 5575.95
17 3 5565.79
17 4 5521.97
17 5 5618.1
17 6 5613.29
17 7 5687.41
17 8 5723.9
17 9 5755.14
17 10 5931.3
17 11 5907.65
17 12 5951.79
17 13 5995.33
17 14 6050.5
17 15 6066.83
17 16 6044.13
17 17 6000.22
17 18 6017.63
17 19 5954.97
17 20 5955.07
17 21 5956.4
17 22 5963.77
17 23 5907.25
17 24 5858.75
17 25 5818.75
17 26 5811.75
17 27 5836.68
17 28 5885.24
17 29 5911.15
17 30 5917.32
17 31 5942.29
18 -31 5223.96
18 -30 5266.19
18 -29 5317.87
18 -28 5278.88
18 -27 5338.26
18 -26 5405.48
18 -25 5523.48
18 -24 5548.07
18 -23 5573.07
18 -22 5681.57
18 -21 5645.55
18 -20 5767.34
18 -19 5822.05
18 -18 5832.2
18 -17 5808.39
18 -16 5925.62
18 -15 5897.14
18 -14 5815.83
18 -13 5802.87
18 -12 5730.68
18 -11 5733.05
18 -10 5687.85
18 -9 5684.14
18 -8 5707.27
18 -7 5706.34
18 -6 5555.96
18 -5 5589.32
18 -4 5683.49
18 -3 5554.26
18 -2 5518.98
18 -1 5439.64
18 0 5439.97
18 1 5427.94
18 2 5522.5
18 3 5516.46
18 4 5499.99
18 5 5588.82
18 6 5579.07
18 7 5662.57
18 8 5737.04
18 9 5730.67
18 10 5877.27
18 11 5860.01
18 12 5898.6
18 13 5947.76
18 14 6015.48
18 15 6023.79
18 16 6015.59
18 17 5984.31
18 18 5983.18
18 19 5929.91
18 20 5924.12
18 21 5952.09
18 22 5946.98
18 23 5890.9
18 24 5854.49
18 25 5824.43
18 26 5829.29
18 27 5845.93
18 28 5896.63
18 29 5933.65
18 30 5969.92
18 31 5948.23
19 -31 5202.43
19 -30 5229.5
19 -29 5280.99
19 -28 5255.61
19 -27 5307.5
19 -26 5367.12
19 -25 5476.77
19 -24 5510.95
19 -23 5558.41
19 -22 5641.26
19 -21 5609.58
19 -20 5698.89
19 -19 5730.09
19 -18 5724.66
19 -17 5716.59
19 -16 5848.87
19 -15 5800.97
19 -14 5733.8
19 -13 5744.98
19 -12 5682.61
19 -11 5691.93
19 -10 5638.78
19 -9 5642.33
19 -8 5651.52
19 -7 5680.14
19 -6 5512.39
19 -5 5548.45
19 -4 5621.22
19 -3 5491.68
19 -2 5460.27
19 -1 5396.96
19 0 5405.7
19 1 5383.3
19 2 5468.16
19 3 5471.23
19 4 5457.32
19 5 5554.17
19 6 5557.52
19 7 5637.75
19 8 5728.74
19 9 5716.95
19 10 5847.45
19 11 5823.16
19 12 5871.44
19 13 5948.84
19 14 6018.08
19 15 5999.72
19 16 5979.97
19 17 5951.5
19 18 5953.12
19 19 5902.05
19 20 5836.97
19 21 5854.34
19 22 5865.84
19 23 5808.42
19 24 5753.14
19 25 5715.11
19 26 5720.32
19 27 5727.87
19 28 5767.63
19 29 5779.07
19 30 5823.57
19 31 5814.55
20 -31 5312.55
20 -30 5333.83
20 -29 5374.57
20 -28 5326.79
20 -27 5357.45
20 -26 5393.59
20 -25 5455.21
20 -24 5458.74
20 -23 5487.85
20 -22 5557.24
20 -21 5517.13
20 -20 5538.22
20 -19 5548.96
20 -18 5572.52
20 -17 5582.88
20 -16 5733.75
20 -15 5708.43
20 -14 5641.26
20 -13 5710.63
20 -12 5679.55
20 -11 5707.44
20 -10 5662.68
20 -9 5662.79
20 -8 5702.13
20 -7 5769.58
20 -6 5605.52
20 -5 5621.25
20 -4 5668.85
20 -3 5551.16
20 -2 5529.95
20 -1 5481.3
20 0 5498.25
20 1 5479.38
20 2 5583.8
20 3 5581.52
20 4 5559.51
20 5 5666.5
20 6 5673.35
20 7 5742.93
20 8 5841.79
20 9 5843.42
20 10 5949.19
20 11 5916.25
20 12 5969.05
20 13 6046.01
20 14 6118.06
20 15 6113.11
20 16 6083.8
20 17 6058.35
20 18 6081.26
20 19 6027.9
20 20 5950.32
20 21 5953.46
20 22 5962.48
20 23 5903.95
20 24 5853.66
20 25 5811.52
20 26 5827.43
20 27 5824.78
20 28 5877.16
20 29 5880.44
20 30 5916.98
20 31 5887.16
21 -31 5241.18
21 -30 5237.23
21 -29 5269.54
21 -28 5224.46
21 -27 5250.81
21 -26 5301.02
21 -25 5346.63
21 -24 5341.42
21 -23 5373.77
21 -22 5448.54
21 -21 5440.65
21 -20 5449.84
21 -19 5457.33
21 -18 5488.81
21 -17 5504.6
21 -16 5632.3
21 -15 5611.55
21 -14 5546.58
21 -13 5594.44
21 -12 5553.04
21 -11 5587.4
21 -10 5516.23
21 -9 5544.43
21 -8 5624.61
21 -7 5651.27
21 -6 5517.43
21 -5 5523.82
21 -4 5565.36
21 -3 5446.67
21 -2 5460.79
21 -1 5422.28
21 0 5447.12
21 1 5437.23
21 2 5530.63
21 3 5511.36
21 4 5506
21 5 5589.04
21 6 5579.14
21 7 5661.29
21 8 5764.21
21 9 5753.09
21 10 5841.64
21 11 5832.13
21 12 5856.89
21 13 5899.17
21 14 5968.78
21 15 5970.38
21 16 5903.36
21 17 5902.48
21 18 5923.34
21 19 5868.46
21 20 5815.2
21 21 5831.5
21 22 5833.21
21 23 5797.66
21 24 5788.26
21 25 5760.78
21 26 5820.12
21 27 5799.57
21 28 5888.06
21 29 5869.29
21 30 5923.19
21 31 5902.29
22 -31 5248.07
22 -30 5229.92
22 -29 5224.62
22 -28 5208.5
22 -27 5218.88
22 -26 5257.03
22 -25 5280.13
22 -24 5281.52
22 -23 5316.58
22 -22 5390.93
22 -21 5368
22 -20 5371.51
22 -19 5354.61
22 -18 5370.61
22 -17 5381.12
22 -16 5513.85
22 -15 5477.29
22 -14 5428.11
22 -13 5472.4
22 -12 5437.33
22 -11 5473.28
22 -10 5407.91
22 -9 5462.97
22 -8 5571.34
22 -7 5566.05
22 -6 5482.84
22 -5 5499.07
22 -4 5539.69
22 -3 5426.82
22 -2 5445.59
22 -1 5389.89
22 0 5410.4
22 1 5390.93
22 2 5474.23
22 3 5452.16
22 4 5452.67
22 5 5531.5
22 6 5530.55
22 7 5602.71
22 8 5716.25
22 9 5725.93
22 10 5817.52
22 11 5793.44
22 12 5837.81
22 13 5905.99
22 14 5962.91
22 15 5956.29
22 16 5884.45
22 17 5886.34
22 18 5902.95
22 19 5834.21
22 20 5778.93
22 21 5802.71
22 22 5798.52
22 23 5786.47
22 24 5786.74
22 25 5752.16
22 26 5828.23
22 27 5791.48
22 28 5904.59
22 29 5875.27
22 30 5921.82
22 31 5909.82
23 -31 5243.65
23 -30 5227.15
23 -29 5208.26
23 -28 5225.97
23 -27 5233.31
23 -26 5276.36
23 -25 5317.33
23 -24 5313.02
23 -23 5338.39
23 -22 5428.6
23 -21 5408.46
23 -20 5402.91
23 -19 5401.61
23 -18 5434.69
23 -17 5428.64
23 -16 5557.45
23 -15 5532.26
23 -14 5485.86
23 -13 5532.43
23 -12 5495.66
23 -11 5522.42
23 -10 5478.65
23 -9 5527.45
23 -8 5605.21
23 -7 5631.04
23 -6 5554.38
23 -5 5529.39
23 -4 5589.02
23 -3 5488.63
23 -2 5510.98
23 -1 5418.8
23 0 5433.28
23 1 5424.94
23 2 5506.77
23 3 5490.27
23 4 5495.54
23 5 5571.36
23 6 5587.14
23 7 5657.64
23 8 5756.23
23 9 5756.46
23 10 5839.11
23 11 5839.98
23 12 5864.61
23 13 5922.79
23 14 5981.38
23 15 5985.46
23 16 5906.8
23 17 5888.37
23 18 5911.3
23 19 5854.9
23 20 5787.79
23 21 5806.81
23 22 5807.71
23 23 5794.52
23 24 5802.86
23 25 5760.79
23 26 5831.43
23 27 5790.48
23 28 5896
23 29 5882.51
23 30 5915.84
23 31 5906.11
24 -31 5297.59
24 -30 5269.3
24 -29 5242.93
24 -28 5243.86
24 -27 5223.31
24 -26 5263.18
24 -25 5309.28
24 -24 5251.51
24 -23 5275.71
24 -22 5347.9
24 -21 5362.56
24 -20 5339.63
24 -19 5326.58
24 -18 5351.39
24 -17 5404.72
24 -16 5517.45
24 -15 5513.18
24 -14 5470.92
24 -13 5532.72
24 -12 5493.7
24 -11 5486.53
24 -10 5442.24
24 -9 5511.73
24 -8 5572.53
24 -7 5560.12
24 -6 5494.48
24 -5 5466.35
24 -4 5520.07
24 -3 5414.21
24 -2 5438.81
24 -1 5366.82
24 0 5368.31
24 1 5371.26
24 2 5427.81
24 3 5416.43
24 4 5436.73
24 5 5525.12
24 6 5530.43
24 7 5605.06
24 8 5709.04
24 9 5718.96
24 10 5741.55
24 11 5748.6
24 12 5774.49
24 13 5819.78
24 14 5844.54
24 15 5847.34
24 16 5777.63
24 17 5769.32
24 18 5777.63
24 19 5732.41
24 20 5665.76
24 21 5690.65
24 22 5716.27
24 23 5682.11
24 24 5709.26
24 25 5690.03
24 26 5795.12
24 27 5752.1
24 28 5864.66
24 29 5852.98
24 30 5875.35
24 31 5864.94
25 -31 5244.48
25 -30 5187.71
25 -29 5154.01
25 -28 5164.61
25 -27 5150.55
25 -26 5213.61
25 -25 5220.98
25 -24 5203.68
25 -23 5224
25 -22 5276
25 -21 5276.55
25 -20 5260.59
25 -19 5255.07
25 -18 5271.71
25 -17 5302.12
25 -16 5394.4
25 -15 5393.32
25 -14 5373.3
25 -13 5418.45
25 -12 5401.59
25 -11 5435.65
25 -10 5364.68
25 -9 5439.11
25 -8 5503.56
25 -7 5497.8
25 -6 5472.84
25 -5 5403.51
25 -4 5436.95
25 -3 5352.01
25 -2 5394.79
25 -1 5332.02
25 0 5335.02
25 1 5353.09
25 2 5396.04
25 3 5379.27
25 4 5388.03
25 5 5480.82
25 6 5495.86
25 7 5574.02
25 8 5669.33
25 9 5675.14
25 10 5710.75
25 11 5717.05
25 12 5726.34
25 13 5757.99
25 14 5797.31
25 15 5806.35
25 16 5722.25
25 17 5712.94
25 18 5727.4
25 19 5688.45
25 20 5623.93
25 21 5624.18
25 22 5658.21
25 23 5632.77
25 24 5653.25
25 25 5666.33
25 26 5803.89
25 27 5777.96
25 28 5928.48
25 29 5908.67
25 30 5935.2
25 31 5957.17
26 -31 5246.78
26 -30 5171.11
26 -29 5115.55
26 -28 5119.15
26 -27 5084.28
26 -26 5178.94
26 -25 5163.29
26 -24 5137.95
26 -23 5152.44
26 -22 5216.78
26 -21 5223.67
26 -20 5216.61
26 -19 5223.54
26 -18 5250.43
26 -17 5279.52
26 -16 5359.5
26 -15 5351.5
26 -14 5348.7
26 -13 5394.42
26 -12 5370.12
26 -11 5400.87
26 -10 5318.48
26 -9 5406.02
26 -8 5462.24
26 -7 5426.86
26 -6 5440.68
26 -5 5339.71
26 -4 5355.16
26 -3 5295.06
26 -2 5322.05
26 -1 5272.82
26 0 5241.05
26 1 5249.47
26 2 5281.16
26 3 5279.02
26 4 5293.88
26 5 5385.71
26 6 5408.84
26 7 5496.25
26 8 5595.12
26 9 5619.77
26 10 5659.02
26 11 5672.02
26 12 5682.99
26 13 5725.52
26 14 5733.69
26 15 5726.52
26 16 5673.12
26 17 5670.11
26 18 5672.77
26 19 5632.19
26 20 5601.21
26 21 5612.21
26 22 5641.56
26 23 5602.55
26 24 5640.71
26 25 5650.95
26 26 5759.43
26 27 5727.79
26 28 5887.75
26 29 5890.5
26 30 5926.27
26 31 5929.95
27 -31 5204.11
27 -30 5104.25
27 -29 5068.86
27 -28 5095.32
27 -27 5044.17
27 -26 5126.5
27 -25 5091.84
27 -24 5085.85
27 -23 5104.02
27 -22 5154.95
27 -21 5169.98
27 -20 5170.11
27 -19 5164.18
27 -18 5194.28
27 -17 5249.95
27 -16 5305.93
27 -15 5326.86
27 -14 5334.06
27 -13 5347.79
27 -12 5356.55
27 -11 5382.29
27 -10 5296.12
27 -9 5387.7
27 -8 5452.94
27 -7 5418.64
27 -6 5438.71
27 -5 5325.2
27 -4 5344.54
27 -3 5293.06
27 -2 5306.92
27 -1 5269.96
27 0 5257.44
27 1 5265.41
27 2 5280.75
27 3 5286.47
27 4 5300.16
27 5 5403.08
27 6 5396.47
27 7 5464.8
27 8 5557.41
27 9 5597.62
27 10 5620.59
27 11 5630.18
27 12 5636.57
27 13 5690.65
27 14 5697.88
27 15 5714.45
27 16 5671.19
27 17 5671.6
27 18 5693.83
27 19 5679.28
27 20 5655.58
27 21 5684.43
27 22 5734.27
27 23 5684.32
27 24 5719.2
27 25 5718.4
27 26 5804.45
27 27 5793.9
27 28 5926.58
27 29 5928.61
27 30 5938.9
27 31 5939.71
28 -31 5131.34
28 -30 5038.77
28 -29 4989.22
28 -28 5039.1
28 -27 4963.39
28 -26 5048.41
28 -25 5012.47
28 -24 5012.31
28 -23 5055.89
28 -22 5111.87
28 -21 5129.89
28 -20 5147.29
28 -19 5116.71
28 -18 5141.72
28 -17 5170.45
28 -16 5208.47
28 -15 5253.72
28 -14 5267.92
28 -13 5275.73
28 -12 5285.59
28 -11 5317.95
28 -10 5252.25
28 -9 5349.03
28 -8 5379.84
28 -7 5348.54
28 -6 5369.19
28 -5 5280.12
28 -4 5272.94
28 -3 5221.77
28 -2 5241.35
28 -1 5222.97
28 0 5181.72
28 1 5205.8
28 2 5208.06
28 3 5236.89
28 4 5219.45
28 5 5337.88
28 6 5337.58
28 7 5414.88
28 8 5487.66
28 9 5525.36
28 10 5559.64
28 11 5601.7
28 12 5595.32
28 13 5643.37
28 14 5678.29
28 15 5685.99
28 16 5649.88
28 17 5670.12
28 18 5718.91
28 19 5701.62
28 20 5709.54
28 21 5698.77
28 22 5739.07
28 23 5692.04
28 24 5745.57
28 25 5750.25
28 26 5810.88
28 27 5808.54
28 28 5923.64
28 29 5931.44
28 30 5910.82
28 31 5920.84
29 -31 5083.84
29 -30 4983.73
29 -29 4946.16
29 -28 5014.45
29 -27 4945.29
29 -26 5022.59
29 -25 5033.57
29 -24 5019.11
29 -23 5042.27
29 -22 5098.21
29 -21 5128.85
29 -20 5135.33
29 -19 5128.96
29 -18 5134.73
29 -17 5152.04
29 -16 5193.28
29 -15 5257.08
29 -14 5269.43
29 -13 5266.42
29 -12 5266.05
29 -11 5283.04
29 -10 5207.45
29 -9 5312.39
29 -8 5347.91
29 -7 5308.75
29 -6 5336.17
29 -5 5261.53
29 -4 5246.1
29 -3 5199.48
29 -2 5193.98
29 -1 5253.07
29 0 5203.29
29 1 5217.92
29 2 5215.86
29 3 5243.86
29 4 5237.05
29 5 5352.12
29 6 5351.84
29 7 5418.55
29 8 5491.52
29 9 5541.46
29 10 5538.99
29 11 5570.09
29 12 5589.27
29 13 5618.62
29 14 5650.14
29 15 5640.16
29 16 5616.64
29 17 5620.91
29 18 5652.93
29 19 5640.26
29 20 5655.21
29 21 5640.56
29 22 5676.88
29 23 5584.59
29 24 5652.9
29 25 5659.35
29 26 5710.45
29 27 5692.11
29 28 5820.55
29 29 5843.83
29 30 5810.4
29 31 5824.91
30 -31 5129.77
30 -30 5038.08
30 -29 5006.26
30 -28 5049.91
30 -27 4982.07
30 -26 5019.05
30 -25 5008.09
30 -24 5003.48
30 -23 5031.91
30 -22 5066.73
30 -21 5115.16
30 -20 5146.69
30 -19 5124.53
30 -18 5095.88
30 -17 5126.58
30 -16 5156.21
30 -15 5201.2
30 -14 5203.07
30 -13 5217.08
30 -12 5220.74
30 -11 5201.25
30 -10 5149.74
30 -9 5267.75
30 -8 5274.79
30 -7 5230.66
30 -6 5286.27
30 -5 5221.8
30 -4 5203.91
30 -3 5171.41
30 -2 5219.97
30 -1 5321.85
30 0 5265.92
30 1 5278.48
30 2 5272.07
30 3 5281.69
30 4 5260.02
30 5 5369.42
30 6 5369
30 7 5428.39
30 8 5496.15
30 9 5539.17
30 10 5548.5
30 11 5567.96
30 12 5592.74
30 13 5598.86
30 14 5645.69
30 15 5614.83
30 16 5594.75
30 17 5581.02
30 18 5601.93
30 19 5618.28
30 20 5639.85
30 21 5623.04
30 22 5692.45
30 23 5640.14
30 24 5691.12
30 25 5698.41
30 26 5752.59
30 27 5759.87
30 28 5879.18
30 29 5888.19
30 30 5879.75
30 31 5888.25
31 -31 5138.95
31 -30 5046.31
31 -29 4996.28
31 -28 5039.1
31 -27 4954.77
31 -26 4996.89
31 -25 4961.22
31 -24 4935.9
31 -23 4988.48
31 -22 5025.74
31 -21 5056.14
31 -20 5090.49
31 -19 5076.12
31 -18 5054.7
31 -17 5062.18
31 -16 5046.27
31 -15 5127.85
31 -14 5114.8
31 -13 5136.19
31 -12 5120.12
31 -11 5122.75
31 -10 5082.48
31 -9 5186.55
31 -8 5185.14
31 -7 5146.52
31 -6 5210.35
31 -5 5164.63
31 -4 5167.16
31 -3 5139.46
31 -2 5172.05
31 -1 5295.5
31 0 5206.01
31 1 5212.6
31 2 5184.43
31 3 5185.11
31 4 5150.64
31 5 5260.91
31 6 5271.23
31 7 5312.68
31 8 5391.21
31 9 5435.51
31 10 5453.77
31 11 5472.88
31 12 5491.96
31 13 5501.13
31 14 5567.68
31 15 5524.75
31 16 5537.73
31 17 5531.8
31 18 5524.3
31 19 5530.5
31 20 5618.61
31 21 5563.18
31 22 5610.07
31 23 5563.72
31 24 5605.51
31 25 5625.3
31 26 5623.02
31 27 5620.7
31 28 5754.06
31 29 5749.01
31 30 5715.74
31 31 5742.53
