0
0.342151
0.187575
0.106357
0.0682988
0.049423
0.0361968
0.0277224
0.0212188
0.0174086
0.0128539
0.0107955
0.0093284
0.00906563
0.00762038
0.00786126
0.00665689
0.00549631
0.00503646
0.00356932
0.00505836
0.00586857
0.0056277
0.00308757
0.00258392
0.00273721
0.00179561
0.00168612
0.00179561
0.00177371
0.00157663
0.00172991
0.00172991
0.00144524
0.00151094
0.00144524
0.00124817
0.00116058
0.00105109
0.000854008
0.000591237
0.000766418
0.000700725
0.000832111
0.000897804
0.000941599
0.000547441
0.000722622
0.000569339
0.000525544
0.000569339
0.00074452
0.000678827
0.000766418
0.00065693
0.000591237
0.000416055
0.000437953
0.00065693
0.000547441
0.000284669
0.000350362
0.000284669
0.000328465
0.000197079
0.000109488
0.000218977
0.000197079
0.000109488
0.000284669
0.000153284
0.000153284
0.000109488
2.18977e-05
4.37953e-05
0.000175181
0.000109488
2.18977e-05
4.37953e-05
0.000131386
4.37953e-05
8.75906e-05
4.37953e-05
2.18977e-05
4.37953e-05
6.5693e-05
8.75906e-05
6.5693e-05
2.18977e-05
4.37953e-05
0.000131386
4.37953e-05
0.000175181
0.000153284
0.000153284
8.75906e-05
6.5693e-05
0.000109488
0.000109488
0.000131386
4.37953e-05
8.75906e-05
4.37953e-05
0.000109488
0.000175181
0.000109488
0.000109488
0
0.000131386
4.37953e-05
4.37953e-05
2.18977e-05
8.75906e-05
2.18977e-05
4.37953e-05
0
0.000153284
0
4.37953e-05
0
2.18977e-05
0
0
0
0
0
0
0
0
0
0
2.18977e-05
2.18977e-05
0
0
0
0
0
0
0
0
0
0
2.18977e-05
0
0
0
0
2.18977e-05
0
0
0
0
0
0
0
0
0
0
0
0
0
0
0
0
0
0
0
0
0
0
0
0
2.18977e-05
