0
0.465352
0.2304
0.120466
0.0667
0.0396455
0.0244864
0.0158359
0.0100041
0.00703716
0.00509012
0.00361593
0.00224373
0.0019285
0.00152982
0.0011775
0.000945705
0.000769545
0.000389408
0.000435766
0.000268877
0.000231791
0.000231791
0.000176161
0.000120531
9.27162e-05
9.27162e-05
0.000139074
5.56297e-05
7.4173e-05
8.34446e-05
2.78149e-05
5.56297e-05
3.70865e-05
9.27162e-06
9.27162e-06
3.70865e-05
1.85432e-05
1.85432e-05
1.85432e-05
9.27162e-06
0
1.85432e-05
2.78149e-05
0
0
9.27162e-06
1.85432e-05
9.27162e-06
9.27162e-06
0
0
0
1.85432e-05
0
0
1.85432e-05
