0
0
0
0
0
0
0
0
0
0
0
0
0
0
0
0
0
0
0
0
0
0
0
0
0
0
0
0
0
0
0
0
0
0
0
0
0
0
0
0
0
0
0
0
0
0
0
0
0
0
0
0
0
0
0
0
0
0
0
0
0
0
0
0
0
0
0
0
0
0
0
0
0
0
0
0
0
0
0
0
0
0
0
0
0
0
0
0
0
0
0
0
0
0
0
0
0
0
3.81471e-06
0
0
3.81471e-06
0
0
0
0
0
0
3.81471e-06
0
0
3.81471e-06
3.81471e-06
3.81471e-06
0
0
3.81471e-06
0
3.81471e-06
3.81471e-06
7.62942e-06
3.81471e-06
7.62942e-06
0
0
3.81471e-06
0
2.28883e-05
0
3.81471e-06
0
1.52588e-05
2.6703e-05
1.14441e-05
1.90736e-05
3.81471e-06
2.6703e-05
1.14441e-05
2.28883e-05
2.28883e-05
3.81471e-05
3.43324e-05
3.05177e-05
3.81471e-05
4.57765e-05
3.43324e-05
5.3406e-05
4.95913e-05
4.19618e-05
3.43324e-05
6.86648e-05
8.77384e-05
4.19618e-05
6.86648e-05
0.000114441
8.77384e-05
7.62942e-05
0.000110627
0.0001297
0.000125885
0.000160218
0.000160218
0.000164033
0.000133515
0.000198365
0.000213624
0.000240327
0.000274659
0.000244142
0.000251771
0.000316621
0.00033188
0.000320436
0.000377656
0.000381471
0.000339509
0.000427248
0.000404359
0.000419618
0.000579836
0.00046921
0.000587466
0.000488283
0.000507357
0.000545504
0.000682833
0.000587466
0.000724795
0.000770572
0.000766757
0.000782016
0.000831607
0.00086594
0.000877384
0.00093079
0.00102997
0.00121308
0.00112153
0.00122834
0.00126648
0.00127793
0.00132371
0.00133133
0.00160218
0.00162507
0.00169755
0.00184251
0.00194932
0.00194932
0.00201035
0.00210572
0.00217057
0.00245286
0.00245667
0.0025406
0.0027237
0.00309373
0.0030594
0.00326539
0.00333024
0.00360109
0.00406267
0.00395967
0.00432588
0.00448229
0.00468065
0.00505068
0.00514223
0.00550081
0.00597002
0.00619128
0.00647738
0.00698855
0.00716021
0.00784686
0.00880817
0.00898365
0.00957874
0.00997929
0.0106507
0.0112839
0.0121079
0.013382
0.0139313
0.015194
0.0156251
0.0166894
0.0186692
0.0200997
0.0219193
0.0235368
0.0246774
0.0262414
0.0275766
0.028309
0.0285455
0.0282708
0.0278321
0.0262338
0.0244943
0.0226022
0.0214768
0.0204774
0.0187913
0.0173226
0.0157776
0.0148621
0.0138016
0.0131035
0.0125504
0.0112191
0.0105629
0.00995258
0.00916294
0.00891498
0.0087395
0.00790408
0.00740817
0.00706103
0.0067406
0.0062485
0.00583651
0.00542833
0.00528338
0.00466158
0.00450899
0.00440218
0.00419618
0.00426866
0.00378801
0.00352861
0.00348665
0.00324251
0.00314714
0.00281907
0.00269319
0.00258256
0.00258637
0.00238801
0.00224687
0.0020485
0.00207139
0.00190736
0.00185395
0.00163651
0.00175477
0.00148392
0.0014267
0.00137711
0.00152588
0.00135041
0.00122834
0.00125123
0.00130463
0.00118256
0.00103379
0.000911716
0.000953678
0.000896457
0.00079346
0.000839237
0.000816348
0.000629427
0.00065613
0.000633242
0.000614169
0.000587466
0.000556948
0.000553133
0.00059891
0.000560763
0.000541689
0.000465395
0.00046921
0.000328065
0.000347139
0.000335695
0.000312806
0.000347139
0.000335695
0.000247956
0.0002594
0.0002594
0.00026703
0.00026703
0.000183106
0.000160218
0.000144959
0.00013733
0.000156403
0.000198365
0.000114441
0.000106812
0.000125885
0.000114441
0.000102997
9.15531e-05
8.39237e-05
9.91825e-05
8.77384e-05
6.86648e-05
5.3406e-05
4.57765e-05
4.95913e-05
4.19618e-05
4.19618e-05
5.3406e-05
6.10354e-05
3.81471e-05
3.43324e-05
4.19618e-05
2.6703e-05
1.90736e-05
3.43324e-05
2.28883e-05
2.28883e-05
1.14441e-05
2.28883e-05
1.90736e-05
7.62942e-06
3.43324e-05
1.14441e-05
3.81471e-06
1.14441e-05
1.14441e-05
3.81471e-06
7.62942e-06
3.81471e-06
3.81471e-06
0
3.81471e-06
7.62942e-06
3.81471e-06
3.81471e-06
0
0
0
3.81471e-06
0
0
3.81471e-06
0
0
0
0
0
3.81471e-06
0
3.81471e-06
0
0
3.81471e-06
0
3.81471e-06
0
0
0
0
0
0
0
0
0
0
0
0
0
0
0
0
0
0
0
0
0
0
0
0
0
0
0
0
0
0
0
0
0
0
0
0
0
0
0
0
0
0
0
0
0
0
0
0
0
0
0
0
0
0
0
0
0
0
0
0
0
0
0
0
0
0
0
0
0
0
0
0
0
0
0
0
0
0
0
0
0
0
0
0
0
0
0
0
0
0
0
0
0
0
0
0
0
