0.000205994
0.00012207
0.000137329
0.000114441
8.39233e-05
0.000133514
8.39233e-05
9.15527e-05
0.000118256
8.01086e-05
0.000141144
0.000102997
0.000175476
0.000164032
0.000267029
0.00030899
0.000354767
0.000392914
0.000411987
0.000495911
0.000457764
0.000526428
0.00050354
0.000545502
0.000610352
0.000637054
0.000587463
0.000709534
0.000770569
0.000724792
0.000907898
0.00104141
0.00094223
0.0010643
0.00106812
0.00138092
0.00102234
0.00133896
0.00128555
0.00149536
0.00149536
0.00174332
0.00156784
0.0016861
0.00189209
0.00175476
0.00210571
0.00200272
0.00229263
0.00228119
0.00220871
0.00266266
0.00229263
0.00250244
0.00254822
0.00262451
0.00317764
0.00341797
0.00326538
0.00361633
0.00376129
0.00395203
0.0042572
0.00512695
0.00468826
0.00547791
0.00480652
0.00611496
0.00569534
0.00614929
0.00610733
0.00674438
0.00683212
0.00683975
0.00611496
0.00678253
0.00744247
0.00688171
0.00664139
0.00747681
0.00666046
0.00716782
0.00625992
0.00710678
0.00628662
0.00653076
0.00646973
0.00595856
0.00701523
0.00684738
0.00609207
0.00662613
0.00677109
0.00600052
0.00608063
0.00614166
0.00684738
0.00671387
0.00570679
0.00682831
0.00580215
0.00633621
0.00614548
0.00671387
0.00603867
0.00640106
0.00598526
0.00620651
0.00679779
0.00636292
0.00626755
0.00619125
0.00673676
0.00644302
0.00570679
0.00687027
0.00593567
0.00615311
0.00606537
0.00592804
0.00676346
0.00649643
0.00561142
0.00632477
0.00666046
0.00602722
0.00587845
0.00665283
0.00608826
0.00617981
0.00541306
0.00640488
0.00568008
0.0057373
0.00577545
0.00639343
0.00576019
0.00585175
0.00560379
0.00588608
0.00601578
0.00561142
0.00578308
0.00620651
0.00573349
0.0057869
0.00537109
0.00622559
0.00532913
0.00573349
0.0055542
0.00537109
0.00603485
0.00603485
0.00534821
0.0055809
0.00588226
0.00579834
0.00574875
0.00631332
0.00584412
0.00588226
0.00525284
0.00647736
0.00559616
0.00567627
0.00585175
0.00625992
0.00596237
0.00628281
0.00556564
0.00585175
0.00621414
0.00603104
0.00624084
0.0057869
0.0072403
0.00648499
0.00564194
0.00690842
0.00591278
0.00676346
0.00696564
0.00658035
0.00754166
0.0077095
0.00719452
0.00781631
0.00836945
0.00819397
0.008358
0.00845718
0.0100861
0.00960922
0.00814819
0.00949097
0.00785446
0.00807953
0.00713348
0.0067482
0.00544357
0.00548172
0.00426102
0.00418472
0.00373077
0.00323105
0.00280762
0.00244522
0.00193787
0.00170135
0.00130081
0.00132751
0.000919342
0.000865936
0.000694275
0.000488281
0.00050354
0.000350952
0.000350952
0.000286102
0.000221252
0.000202179
0.000125885
0.000125885
0.00012207
9.91821e-05
6.86646e-05
4.57764e-05
3.43323e-05
2.67029e-05
2.67029e-05
2.28882e-05
0
3.8147e-06
3.8147e-06
0
3.8147e-06
0
0
0
0
0
0
0
0
0
0
0
0
0
0
0
0
0
0
0
