6.25281e-06
0.764938
0.12687
0.0380609
0.0209157
0.0120179
0.00876019
0.00608399
0.00487094
0.00362663
0.00273248
0.00220724
0.00171952
0.00134435
0.00131309
0.000769096
0.000712821
0.000737832
0.000375169
0.000393927
0.000312641
0.000218848
0.000150068
0.000168826
0.000112551
0.000106298
8.12866e-05
4.37697e-05
8.12866e-05
4.37697e-05
3.12641e-05
2.50113e-05
3.12641e-05
4.37697e-05
0
6.25281e-06
2.50113e-05
1.87584e-05
0
6.25281e-06
6.25281e-06
6.25281e-06
0
0
0
0
0
6.25281e-06
0
0
6.25281e-06
6.25281e-06
