0
0.271251
0.165393
0.108606
0.0709832
0.053757
0.0402649
0.0321978
0.0261035
0.0205728
0.0147251
0.0126819
0.0113784
0.0106387
0.00820798
0.00676366
0.0066932
0.00736253
0.00634093
0.00426251
0.00563638
0.00489661
0.00408638
0.00324092
0.00274774
0.00380456
0.00288865
0.00320569
0.00324092
0.00394547
0.00383979
0.00570684
0.00641139
0.00538979
0.00348751
0.00246592
0.00158523
0.00126819
0.00105682
0.000915912
0.00119773
0.000739775
0.000915912
0.0011625
0.00105682
0.00119773
0.00130341
0.00130341
0.00112728
0.00105682
0.000880685
0.000915912
0.000634093
0.000915912
0.00095114
0.00095114
0.00123296
0.00137387
0.00204319
0.00137387
0.00130341
0.000880685
0.000880685
0.00066932
0.0011625
0.00102159
0.00119773
0.000880685
0.00119773
0.00130341
0.000880685
0.000598866
0.00066932
0.000845457
0.000598866
0.000387501
0.000422729
0.000176137
0.000211364
0.000598866
0.000493183
0.000634093
0.000281819
0.000387501
0.000281819
0.000211364
0.000281819
0.000176137
0.000317047
0.000246592
0.000317047
0.000352274
0.000246592
0.000105682
0.000246592
0.000176137
0.000176137
0.00014091
0.00014091
0.000352274
0.00014091
0.000246592
0.000211364
0.000246592
0.000211364
0.000211364
0.000281819
0.000176137
0.000281819
0.000246592
0.000176137
0.000105682
0.000281819
0.000281819
0.000281819
7.04548e-05
0.000422729
0.000105682
0.000211364
0.000176137
0.000493183
0.000387501
0.000352274
0
3.52274e-05
0
0.000105682
0.00014091
0
0.000105682
7.04548e-05
0
7.04548e-05
0
3.52274e-05
0
3.52274e-05
0.000105682
0
0.000105682
3.52274e-05
0.000105682
0
3.52274e-05
0
3.52274e-05
0
3.52274e-05
0
3.52274e-05
0
3.52274e-05
0
7.04548e-05
3.52274e-05
7.04548e-05
0
3.52274e-05
0.00014091
7.04548e-05
0
3.52274e-05
0
7.04548e-05
3.52274e-05
3.52274e-05
0
3.52274e-05
0
3.52274e-05
0
0
0
3.52274e-05
0
0
0
0
0
0
0
0
0
0
0
3.52274e-05
0.000105682
3.52274e-05
0
7.04548e-05
3.52274e-05
0
7.04548e-05
0
0
3.52274e-05
0
0.000105682
3.52274e-05
3.52274e-05
0
0
0
0
0
0
0
0
3.52274e-05
0
7.04548e-05
0
0
0
0
0
3.52274e-05
0
3.52274e-05
