0
0.241204
0.127029
0.0802815
0.0513428
0.0394227
0.0267844
0.0223323
0.0198909
0.0168749
0.0150797
0.0127818
0.0112021
0.0120638
0.00861698
0.00804251
0.00782709
0.00689358
0.00789889
0.00552923
0.00545742
0.00517019
0.00466753
0.00416487
0.00560103
0.0061755
0.00596007
0.00775528
0.00732443
0.0070372
0.00725262
0.0106994
0.0124946
0.0111303
0.00718081
0.00560103
0.00459572
0.00366221
0.00315956
0.00272871
0.00308775
0.00186701
0.00236967
0.00251328
0.00287233
0.00359041
0.00287233
0.00380583
0.00215424
0.00272871
0.00280052
0.00258509
0.00122074
0.00114893
0.00193882
0.00215424
0.00308775
0.00294413
0.00495476
0.00394945
0.00423668
0.00287233
0.00301594
0.00301594
0.00366221
0.00280052
0.00308775
0.00373402
0.0035186
0.00380583
0.00229786
0.00150797
0.000789889
0.00114893
0.00129255
0.00100531
0.00114893
0.000430849
0.00136435
0.000861698
0.0017952
0.00186701
0.000861698
0.00122074
0.000933506
0.00107712
0.000646273
0.000933506
0.000430849
0.00100531
0.000933506
0.00129255
0.00107712
0.000646273
0.000861698
0.000646273
0.000430849
0.000502657
0.00107712
0.000861698
0.000718081
0.000789889
0.000359041
0.000430849
0.000574465
0.000574465
0.000359041
0.000574465
0.000574465
0.000502657
0.000646273
0.000502657
0.000359041
0.000718081
0.000646273
0.000789889
0.000502657
0.000502657
0.000789889
0.000574465
0.00143616
0.000789889
0.00143616
0.000430849
0.000430849
0.000215424
0.000215424
0.000359041
0.000215424
0.000287233
0.000143616
0.000143616
0.000143616
0.000287233
0.000287233
0.000359041
0.000143616
0.000215424
0.000215424
7.18081e-05
0.000359041
0.000215424
0.000143616
0.000359041
0.000359041
0.000502657
0.000359041
0.000359041
7.18081e-05
0.000215424
0.000143616
0.000143616
0
0.000287233
0.000215424
0.000359041
0.000215424
7.18081e-05
0.000359041
0.000143616
7.18081e-05
0.000143616
0
0.000143616
7.18081e-05
0.000143616
0
7.18081e-05
7.18081e-05
0.000287233
0
0.000143616
7.18081e-05
7.18081e-05
7.18081e-05
0
0
7.18081e-05
0
7.18081e-05
0
0
0
0
7.18081e-05
7.18081e-05
0.000215424
7.18081e-05
7.18081e-05
0.000215424
0.000143616
0.000143616
0.000215424
0
0
7.18081e-05
0
0.000287233
0.000143616
7.18081e-05
0
0
0
0
0
0
0
7.18081e-05
0.000143616
0
0.000215424
7.18081e-05
7.18081e-05
7.18081e-05
0.000143616
0.000143616
0.000215424
0.000143616
7.18081e-05
7.18081e-05
0.000143616
7.18081e-05
0.000143616
0.000215424
0.000287233
7.18081e-05
7.18081e-05
0
7.18081e-05
7.18081e-05
7.18081e-05
0.000143616
7.18081e-05
7.18081e-05
7.18081e-05
0
7.18081e-05
7.18081e-05
0
7.18081e-05
7.18081e-05
0
7.18081e-05
0
0
7.18081e-05
0
7.18081e-05
7.18081e-05
0
7.18081e-05
0
0.000143616
7.18081e-05
0
0
0
0
0
0
0
0
7.18081e-05
0
7.18081e-05
7.18081e-05
7.18081e-05
