0
0
0
0
0
0
0
0
0
0
0
0
0
0
0
0
0
0
0
0
0
0
0
0
0
0
0
0
0
0
0
0
0
0
0
0
0
0
0
0
0
0
0
0
0
0
0
0
0
0
0
0
0
0
0
0
0
0
0
0
0
0
0
0
0
0
0
0
0
0
0
0
0
0
0
0
0
0
0
0
0
0
0
0
0
0
0
0
0
0
0
0
0
0
0
0
0
0
0
0
0
0
0
0
0
0
0
0
0
0
0
0
0
0
0
0
0
0
0
0
0
0
0
0
0
0
0
0
0
0
0
3.81471e-06
1.14441e-05
0
0
3.81471e-06
3.81471e-06
0
7.62942e-06
3.81471e-06
3.81471e-06
1.14441e-05
0
3.81471e-06
1.90736e-05
0
7.62942e-06
1.14441e-05
1.14441e-05
7.62942e-06
1.14441e-05
1.52588e-05
0
2.28883e-05
1.90736e-05
1.90736e-05
1.90736e-05
3.05177e-05
7.62942e-06
2.28883e-05
2.28883e-05
1.14441e-05
1.14441e-05
2.28883e-05
1.90736e-05
3.43324e-05
2.28883e-05
2.6703e-05
1.90736e-05
2.28883e-05
1.14441e-05
5.3406e-05
4.19618e-05
3.43324e-05
2.6703e-05
4.57765e-05
3.05177e-05
4.95913e-05
3.81471e-05
4.57765e-05
5.72207e-05
7.24795e-05
6.48501e-05
6.48501e-05
0.000110627
0.000110627
0.000106812
0.000106812
0.000118256
9.91825e-05
0.000110627
0.000148774
0.0001297
0.000160218
0.000144959
0.000133515
0.000114441
0.000144959
0.000164033
0.000148774
0.000217439
0.000232697
0.000251771
0.000221253
0.000232697
0.000301362
0.00026703
0.000293733
0.000320436
0.000328065
0.000278474
0.000404359
0.000465395
0.000385286
0.000446321
0.000537874
0.000576021
0.000633242
0.000595095
0.000675204
0.000701907
0.000732425
0.000808719
0.000827792
0.000991825
0.00109101
0.00114823
0.0012436
0.00136567
0.0016327
0.00159836
0.00174332
0.00193024
0.00206757
0.00221635
0.00266648
0.00273896
0.00326921
0.00363924
0.0042
0.00467302
0.0053673
0.00625231
0.00765231
0.0088158
0.0107041
0.0135575
0.0170632
0.0217477
0.0273782
0.036091
0.0461199
0.0575716
0.0694964
0.0769046
0.0854343
0.0785068
0.068661
0.0572283
0.0465013
0.0356447
0.0281411
0.0220834
0.0164986
0.0133782
0.0113717
0.00884632
0.00750735
0.00600436
0.0053406
0.00468828
0.00406267
0.00348665
0.00312043
0.00284196
0.00253297
0.00227738
0.00209809
0.00197602
0.00173188
0.00150681
0.00149537
0.00140381
0.00134659
0.00107575
0.00114823
0.00104142
0.000885013
0.000850681
0.000820163
0.000755313
0.000606539
0.000637057
0.000614169
0.000518801
0.000511171
0.000499727
0.000431062
0.00039673
0.000404359
0.000404359
0.000316621
0.000343324
0.000354768
0.000308992
0.0002594
0.000221253
0.000244142
0.00026703
0.00020218
0.000209809
0.000190736
0.000175477
0.000171662
0.00020218
0.000152588
9.53678e-05
0.000106812
8.77384e-05
0.000114441
9.53678e-05
0.000110627
0.000122071
8.77384e-05
9.53678e-05
0.000110627
6.48501e-05
5.72207e-05
8.01089e-05
0.000102997
4.57765e-05
4.95913e-05
6.10354e-05
2.6703e-05
3.81471e-05
3.81471e-05
2.6703e-05
3.43324e-05
2.6703e-05
4.95913e-05
1.90736e-05
1.90736e-05
1.14441e-05
4.57765e-05
1.14441e-05
3.43324e-05
2.28883e-05
1.14441e-05
7.62942e-06
7.62942e-06
1.90736e-05
1.14441e-05
3.81471e-06
1.52588e-05
1.14441e-05
1.52588e-05
1.14441e-05
3.81471e-06
1.52588e-05
1.52588e-05
1.14441e-05
1.14441e-05
1.14441e-05
7.62942e-06
1.14441e-05
1.52588e-05
1.52588e-05
1.14441e-05
0
3.81471e-06
3.81471e-06
1.52588e-05
1.14441e-05
7.62942e-06
3.81471e-06
1.14441e-05
3.81471e-06
3.81471e-06
0
0
3.81471e-06
0
0
0
0
0
0
0
0
0
0
0
0
0
0
0
0
0
0
0
0
0
0
0
0
0
0
0
0
0
0
0
0
0
0
0
0
0
0
0
0
0
0
0
0
0
0
0
0
0
0
0
0
0
0
0
0
0
0
0
0
0
0
0
0
0
0
0
0
0
0
0
0
0
0
0
0
0
0
0
0
0
0
0
0
0
0
0
0
0
0
0
0
0
0
0
0
0
0
0
0
0
0
0
0
0
0
0
0
0
0
0
0
0
0
0
0
0
0
0
0
0
0
0
0
0
0
0
0
0
0
