0
0.40705
0.213461
0.123111
0.0698848
0.0451232
0.0296133
0.0214583
0.0164002
0.0119485
0.00872269
0.00681299
0.00597427
0.00530329
0.00441296
0.00353553
0.00345811
0.0026581
0.00245164
0.00167744
0.00192261
0.00167744
0.00135486
0.000993561
0.000851624
0.00068388
0.000554846
0.000696783
0.000490329
0.000619363
0.00064517
0.000632266
0.000567749
0.000490329
0.000348392
0.000361295
0.000451619
0.000412909
0.000361295
0.000283875
7.74204e-05
0.000193551
0.000232261
0.000232261
0.000129034
0.000129034
0.000103227
6.4517e-05
7.74204e-05
9.03237e-05
7.74204e-05
0.000154841
5.16136e-05
6.4517e-05
7.74204e-05
0.000116131
5.16136e-05
6.4517e-05
1.29034e-05
1.29034e-05
6.4517e-05
5.16136e-05
3.87102e-05
2.58068e-05
1.29034e-05
1.29034e-05
0
0
1.29034e-05
0.000103227
2.58068e-05
1.29034e-05
0
0
0
2.58068e-05
3.87102e-05
2.58068e-05
0
0
0
2.58068e-05
0
1.29034e-05
1.29034e-05
0
1.29034e-05
