750
1234
607
778
922
1082
1279
1429
0
1642
0
1756
1846
0
2038
0
2066
0
2007
0
2081
0
2053
0
2039
0
1969
0
1846
0
1741
1673
0
1549
1478
0
1289
1249
1193
1026
959
948
910
1654
801
771
1624
812
820
801
880
1753
890
938
935
916
924
847
951
1900
994
1015
1072
0
1108
1124
1224
1194
1346
0
1413
1557
0
1628
0
1791
1853
0
2105
0
1930
0
1899
0
1941
0
1840
1763
0
1737
0
1588
1498
0
1466
1336
1369
0
1389
1363
1442
0
1381
1336
1409
0
1464
1544
0
1517
1626
0
1789
0
1790
0
1878
0
2061
0
2097
0
2311
0
2300
0
2385
0
0
2483
0
2390
0
2262
0
0
2235
0
2116
0
1993
1858
0
1929
0
1889
0
2040
0
2128
0
2270
0
0
2270
0
2341
0
2433
0
0
2466
0
2409
0
2214
0
2340
0
0
2285
0
2202
0
2314
0
2327
0
0
2374
0
2611
0
0
2723
0
2690
0
0
2673
0
2493
0
0
2391
0
2286
0
2062
0
1846
1769
0
1628
1454
0
1403
1370
1247
0
1201
1241
1139
1187
1350
0
1242
1225
1184
1190
1236
1108
950
919
820
1471
626
1260
691
1311
726
1640
912
926
1016
876
880
892
1667
910
848
868
905
987
947
1067
1104
1032
936
1048
939
1503
1064
1285
1072
0
