30
1954
7739
9713
8142
6809
5209
2933
2564
2348
2480
2584
1740
1873
2687
1886
1959
2087
2232
2418
1346
2970
3419
3958
1930
3840
1840
3500
1588
2964
1336
2758
1363
1442
2717
1409
1464
3061
1626
1789
1790
1878
4158
2311
2300
2385
2483
2390
2262
2235
2116
1993
3787
1889
2040
2128
2270
2270
0
2341
2433
2466
2409
2214
2340
2285
2202
2314
2327
2374
0
2611
2723
2690
2673
2493
0
2391
2286
2062
1846
0
1769
1628
1454
1403
0
1370
1247
1201
0
1241
1139
1187
0
1350
1242
0
1225
1184
1190
0
1236
1108
0
950
919
0
820
790
0
681
626
0
619
641
0
691
0
647
664
0
726
815
0
825
0
912
926
0
1016
0
876
880
0
892
0
824
843
0
910
0
848
0
868
905
0
987
0
947
0
1067
0
1104
0
1032
936
0
1048
0
939
0
814
0
689
0
562
0
502
0
379
0
379
0
309
0
218
0
238
0
206
0
175
0
119
0
78
0
69
0
55
0
55
0
22
0
0
20
0
8
0
7
0
6
0
8
0
1
0
0
0
0
0
0
1
0
0
0
0
0
0
0
0
2
0
0
0
0
1
0
1
0
0
0
0
0
0
0
0
0
0
0
0
0
0
0
0
0
0
0
0
0
0
0
0
0
