1984
17452
14951
8142
4912
5064
3613
4573
4046
4650
4316
7377
5770
5340
4552
4094
2805
4126
4525
3415
3668
6469
4685
4873
4497
4109
5676
4168
4540
2341
4899
4623
4625
4516
4701
2611
5413
5166
2391
4348
1846
3397
2857
1370
2448
1241
2326
1350
1242
2409
1190
2344
950
919
1610
681
626
1260
691
647
664
1541
825
912
926
1016
1756
892
824
843
910
848
1773
987
947
1067
1104
1032
936
1048
939
814
689
562
502
379
379
309
218
238
206
175
119
78
69
55
55
22
20
8
7
6
8
1
0
0
0
1
0
0
0
2
0
0
1
1
0
0
0
0
0
0
0
0
0
0
0
0
