0
0
0
0
0
0
0
0
0
0
0
0
1
29
91
228
401
726
1115
1700
2361
3071
3602
4104
4088
4092
3815
3414
3027
2538
2219
1907
1778
1587
1547
1660
1621
1783
1740
1873
1840
1798
1900
2009
2180
2348
2540
2970
3419
3958
3829
3781
3500
3086
2802
2758
2805
2717
2873
3061
3415
3668
4158
4611
4868
4652
4351
3851
3818
4168
4540
4774
4875
4554
4487
4641
4985
5413
5166
4677
3908
3397
2857
2617
2442
2326
2592
2409
2426
2058
1739
1471
1245
1332
1311
1541
1737
1942
1756
1716
1753
1716
1892
2014
2136
1984
1753
1251
881
688
456
381
197
124
77
28
13
9
0
1
0
2
2
0
0
0
0
0
